#how to read {start, load, score, end}
1662401125 1 2386.0248069532208 1662401509
1662401599 2 4526.4593109737034 1662401983
1662402073 3 6475.6024339649603 1662402456
1662402546 4 8140.7205344871836 1662402928
1662403018 5 9605.0256944768189 1662403401
1662403491 6 10947.326679882561 1662403874
1662403964 7 12182.461278224058 1662404347
1662404437 8 13213.834169435946 1662404821
1662404911 9 13668.895741022579 1662405337
1662405427 10 14002.221526235686 1662405854
1662405944 11 14353.455089903744 1662406370
1662406460 12 14635.629770971254 1662406887
1662406977 13 14807.939954467789 1662407404
1662407495 14 15081.084781717458 1662407922
1662408012 15 15118.07363214705 1662408440
1662408530 16 15192.267489697608 1662408957
