#how to read {timestamp, aggregated_cpu}
1638431219 
1638431226 
1638431233 
1638431241 
1638431249 
1638431258 
1638431266 
1638431275 39.50
1638431283 39.92
1638431292 39.71
1638431301 38.88
1638431310 39.64
1638431319 39.96
1638431327 40.25
1638431337 39.63
1638431346 43.20
1638431355 39.63
1638431363 39.69
1638431372 39.38
1638431382 39.51
1638431391 39.49
1638431400 39.95
1638431411 40.50
1638431419 40.67
1638431429 40.03
1638431438 40.39
1638431447 40.07
1638431456 39.71
1638431465 39.90
1638431474 39.65
1638431483 39.07
1638431493 40.97
1638431501 39.87
1638431510 42.93
1638431520 40.35
1638431529 40.90
1638431538 39.33
1638431547 40.37
1638431556 41.96
1638431565 40.25
1638431574 40.56
1638431583 40.44
1638431592 37.29
1638431601 39.69
1638431611 39.41
1638431619 39.79
1638431629 40.23
1638431638 39.73
1638431647 39.56
1638431656 39.79
1638431665 40.19
1638431673 39.39
1638431682 39.94
1638431691 39.87
1638431700 38.41
1638431709 41.04
1638431719 40.76
1638431728 40.79
1638431737 40.82
1638431746 40.24
1638431755 39.46
1638431765 39.82
1638431774 39.54
1638431783 39.58
1638431793 39.95
1638431802 39.83
1638431811 
1638431821 
1638431830 
1638431838 
1638431847 
1638431856 
1638431864 
1638431872 
1638431881 82.90
1638431889 79.32
1638431899 79.25
1638431907 79.53
1638431916 78.79
1638431925 79.97
1638431935 79.47
1638431944 79.08
1638431953 79.65
1638431962 79.50
1638431971 79.13
1638431981 79.17
1638431990 79.60
1638431999 79.38
1638432008 81.89
1638432018 79.24
1638432028 79.25
1638432037 79.45
1638432047 82.60
1638432056 81.25
1638432065 79.56
1638432075 79.76
1638432084 80.21
1638432094 79.28
1638432103 79.60
1638432113 79.74
1638432122 79.15
1638432132 79.01
1638432142 80.81
1638432151 78.95
1638432161 79.51
1638432170 81.44
1638432179 79.09
1638432188 79.67
1638432198 79.56
1638432208 78.80
1638432217 79.96
1638432225 79.66
1638432234 79.88
1638432243 80.07
1638432252 79.31
1638432261 79.22
1638432272 79.45
1638432281 80.05
1638432291 79.66
1638432301 79.14
1638432311 79.32
1638432320 79.59
1638432330 79.94
1638432340 79.75
1638432349 
1638432359 
1638432367 
1638432375 
1638432383 
1638432391 
1638432399 
1638432408 
1638432416 119.54
1638432425 118.17
1638432434 119.54
1638432443 119.30
1638432452 119.44
1638432461 118.80
1638432470 119.07
1638432479 119.72
1638432488 118.53
1638432497 119.23
1638432506 119.63
1638432516 119.30
1638432525 120.03
1638432535 119.74
1638432544 119.40
1638432554 119.52
1638432564 119.61
1638432573 119.04
1638432583 119.43
1638432592 118.95
1638432601 119.15
1638432611 118.17
1638432620 119.19
1638432629 119.29
1638432638 119.60
1638432647 119.18
1638432657 119.25
1638432666 118.95
1638432676 119.12
1638432685 119.13
1638432694 119.95
1638432704 121.48
1638432713 119.74
1638432722 119.06
1638432732 119.02
1638432741 120.80
1638432750 100.12
1638432759 100.12
1638432768 100.39
1638432776 100.39
1638432785 98.58
1638432795 120.49
1638432805 119.03
1638432815 118.62
1638432825 119.51
1638432835 120.76
1638432844 118.87
1638432854 118.01
1638432864 118.66
1638432873 119.34
1638432882 0.00
1638432890 
1638432897 
1638432906 
1638432913 
1638432923 
1638432931 
1638432939 
1638432948 159.18
1638432957 158.08
1638432966 158.86
1638432975 158.77
1638432984 157.89
1638432993 159.07
1638433002 158.85
1638433011 160.29
1638433021 158.31
1638433030 159.04
1638433040 157.89
1638433049 158.35
1638433059 160.65
1638433069 159.96
1638433081 159.01
1638433091 159.14
1638433101 158.10
1638433112 161.53
1638433125 159.30
1638433135 158.14
1638433144 158.53
1638433154 159.04
1638433163 159.30
1638433172 164.39
1638433182 158.66
1638433191 158.55
1638433201 158.73
1638433210 158.52
1638433220 160.89
1638433229 158.73
1638433239 159.68
1638433248 158.53
1638433258 158.47
1638433267 159.22
1638433277 100.40
1638433285 100.52
1638433294 100.25
1638433303 100.27
1638433312 19.00
1638433322 172.86
1638433332 158.15
1638433342 158.61
1638433352 159.08
1638433362 158.49
1638433372 162.02
1638433382 161.24
1638433391 158.68
1638433401 158.73
1638433410 
1638433419 
1638433427 
1638433435 
1638433443 
1638433452 
1638433461 
1638433470 199.05
1638433479 199.49
1638433488 198.28
1638433497 198.70
1638433506 198.38
1638433516 201.04
1638433525 198.50
1638433534 199.41
1638433544 198.65
1638433553 199.51
1638433563 198.82
1638433573 196.91
1638433583 199.58
1638433597 199.16
1638433607 197.15
1638433617 199.19
1638433628 202.68
1638433637 202.05
1638433648 198.61
1638433657 198.31
1638433667 199.31
1638433676 198.84
1638433686 198.27
1638433695 198.47
1638433705 198.39
1638433714 198.48
1638433724 199.30
1638433734 198.97
1638433743 198.04
1638433753 197.06
1638433763 198.90
1638433773 198.05
1638433783 200.93
1638433792 100.51
1638433801 100.14
1638433810 99.87
1638433819 99.99
1638433828 110.12
1638433838 197.49
1638433848 198.10
1638433858 198.63
1638433868 198.48
1638433879 199.31
1638433889 199.40
1638433899 199.04
1638433909 197.87
1638433918 
1638433927 
1638433935 
1638433942 
1638433951 
1638433958 
1638433967 
1638433976 
1638433985 237.73
1638433995 238.06
1638434005 238.55
1638434014 237.83
1638434024 236.37
1638434033 237.74
1638434043 239.61
1638434053 237.87
1638434063 237.31
1638434073 237.65
1638434084 238.14
1638434094 238.85
1638434104 241.06
1638434115 238.57
1638434126 238.26
1638434137 238.37
1638434146 237.85
1638434158 237.60
1638434168 238.04
1638434178 238.77
1638434188 238.03
1638434198 237.62
1638434208 239.49
1638434217 239.34
1638434227 235.13
1638434238 237.92
1638434248 237.77
1638434258 236.73
1638434269 236.63
1638434279 238.62
1638434290 238.04
1638434301 100.21
1638434310 99.99
1638434319 99.99
1638434328 100.12
1638434337 239.13
1638434348 237.63
1638434359 237.93
1638434369 238.67
1638434381 238.17
1638434391 238.16
1638434402 241.60
1638434412 236.74
1638434422 238.67
1638434432 
1638434441 
1638434449 
1638434457 
1638434465 
1638434474 
1638434483 
1638434492 277.97
1638434504 277.51
1638434517 277.36
1638434532 277.64
1638434544 280.09
1638434554 278.62
1638434563 277.75
1638434576 277.79
1638434589 276.60
1638434604 281.01
1638434614 280.20
1638434624 279.36
1638434637 277.80
1638434650 278.97
1638434660 281.01
1638434670 278.26
1638434681 277.34
1638434694 278.03
1638434708 277.81
1638434719 276.72
1638434730 275.72
1638434741 279.92
1638434752 276.89
1638434763 277.85
1638434777 277.42
1638434787 276.32
1638434797 278.71
1638434808 100.00
1638434817 99.87
1638434826 99.87
1638434834 99.99
1638434844 279.19
1638434855 277.31
1638434868 277.69
1638434881 277.76
1638434896 277.83
1638434907 277.48
1638434921 277.58
1638434931 274.70
1638434940 
1638434949 
1638434956 
1638434965 
1638434974 
1638434981 
1638434990 
1638434999 317.57
1638435010 317.42
1638435022 316.58
1638435037 317.34
1638435052 317.74
1638435064 317.24
1638435075 335.19
1638435085 318.94
1638435097 317.74
1638435110 321.07
1638435120 317.67
1638435131 316.93
1638435143 314.72
1638435155 319.86
1638435165 320.21
1638435175 315.88
1638435187 318.28
1638435200 316.94
1638435212 315.39
1638435224 316.44
1638435234 321.28
1638435246 317.53
1638435259 316.37
1638435270 318.72
1638435283 325.17
1638435293 318.24
1638435304 316.83
1638435315 99.99
1638435324 100.39
1638435333 100.27
1638435342 99.87
1638435351 316.85
1638435362 316.67
1638435375 318.08
1638435389 317.29
1638435403 323.31
1638435418 316.80
1638435433 318.17
1638435443 
1638435452 
1638435460 
1638435468 
1638435475 
1638435484 
1638435492 
1638435501 
1638435511 355.27
1638435521 356.90
1638435532 357.82
1638435544 355.95
1638435557 354.96
1638435567 357.09
1638435577 357.56
1638435590 358.48
1638435602 357.71
1638435614 355.91
1638435624 358.28
1638435635 358.33
1638435647 353.17
1638435661 358.66
1638435671 358.19
1638435682 356.65
1638435695 357.41
1638435706 358.30
1638435717 358.32
1638435728 356.34
1638435740 358.31
1638435753 358.13
1638435767 359.66
1638435779 358.54
1638435791 354.19
1638435802 358.14
1638435813 100.27
1638435822 99.99
1638435831 100.12
1638435840 100.64
1638435849 183.55
1638435861 361.24
1638435873 354.69
1638435886 357.42
1638435898 357.44
1638435911 355.10
1638435923 355.09
1638435934 354.71
1638435945 
1638435954 
1638435963 
1638435971 
1638435979 
1638435987 
1638435995 
1638436004 396.83
1638436014 395.80
1638436025 394.24
1638436037 396.84
1638436047 397.70
1638436058 395.55
1638436070 396.69
1638436083 399.51
1638436093 400.71
1638436105 395.99
1638436116 398.17
1638436126 401.27
1638436136 397.19
1638436149 396.39
1638436159 400.64
1638436170 400.47
1638436180 400.83
1638436192 397.99
1638436203 400.85
1638436215 401.44
1638436226 396.09
1638436238 397.38
1638436250 396.92
1638436263 393.14
1638436277 393.86
1638436287 397.66
1638436298 395.95
1638436310 99.87
1638436319 100.90
1638436328 99.99
1638436336 100.14
1638436345 201.77
1638436358 398.01
1638436370 395.75
1638436384 398.27
1638436397 399.69
1638436408 398.88
1638436420 396.04
1638436431 397.19
1638436441 
1638436450 
1638436457 
1638436466 
1638436473 
1638436482 
1638436491 
1638436500 436.04
1638436510 433.56
1638436521 441.68
1638436532 438.20
1638436543 439.45
1638436554 436.76
1638436565 430.70
1638436575 442.66
1638436587 436.81
1638436599 434.62
1638436610 401.06
1638436620 398.97
1638436631 437.25
1638436644 442.39
1638436654 399.94
1638436665 401.56
1638436676 436.04
1638436687 435.46
1638436698 436.82
1638436709 436.23
1638436720 434.94
1638436732 434.90
1638436743 435.85
1638436753 434.30
1638436765 439.11
1638436777 434.49
1638436790 434.86
1638436801 100.40
1638436810 100.52
1638436819 100.24
1638436828 100.24
1638436837 100.14
1638436848 435.42
1638436860 434.77
1638436873 435.74
1638436887 436.97
1638436899 436.82
1638436910 435.39
1638436924 438.39
1638436934 
1638436942 
1638436951 
1638436959 
1638436968 
1638436976 
1638436983 
1638436993 475.98
1638437003 473.03
1638437014 474.78
1638437025 474.40
1638437035 473.52
1638437046 478.58
1638437057 475.69
1638437067 472.13
1638437078 476.51
1638437091 473.96
1638437101 401.56
1638437112 400.07
1638437123 481.31
1638437136 476.52
1638437146 400.15
1638437157 401.65
1638437168 474.96
1638437179 477.44
1638437191 472.42
1638437202 475.15
1638437213 485.81
1638437225 478.20
1638437236 475.95
1638437247 477.80
1638437259 476.38
1638437270 475.80
1638437282 475.81
1638437294 99.93
1638437302 100.39
1638437311 0.00
1638437320 100.88
1638437329 100.12
1638437338 475.66
1638437352 477.44
1638437364 476.25
1638437377 476.31
1638437389 471.06
1638437401 475.03
1638437413 474.92
1638437424 
1638437432 
1638437440 
1638437447 
1638437456 
1638437465 
1638437473 
1638437481 
1638437490 515.96
1638437501 518.35
1638437512 510.74
1638437523 514.19
1638437534 515.96
1638437545 514.87
1638437556 509.97
1638437567 516.68
1638437579 518.90
1638437593 400.57
1638437603 400.18
1638437614 514.81
1638437627 523.85
1638437639 401.57
1638437650 399.92
1638437661 516.55
1638437673 514.84
1638437684 511.49
1638437696 516.33
1638437707 515.17
1638437719 512.48
1638437731 513.99
1638437743 517.49
1638437756 515.73
1638437767 511.32
1638437780 515.34
1638437790 100.12
1638437799 100.39
1638437808 100.62
1638437817 100.38
1638437825 483.03
1638437839 517.52
1638437853 516.17
1638437866 515.13
1638437879 515.60
1638437892 515.29
1638437904 514.53
1638437916 
1638437925 
1638437932 
1638437941 
1638437949 
1638437958 
1638437967 
1638437975 546.46
1638437986 555.13
1638437998 556.07
1638438009 555.94
1638438021 553.14
1638438032 551.92
1638438044 556.48
1638438056 553.08
1638438068 557.67
1638438082 390.83
1638438093 400.07
1638438104 559.01
1638438118 550.22
1638438130 401.06
1638438141 400.07
1638438152 551.53
1638438164 552.47
1638438177 556.33
1638438190 554.40
1638438203 557.04
1638438215 558.00
1638438228 554.58
1638438241 556.59
1638438255 553.91
1638438268 553.62
1638438281 100.27
1638438290 100.37
1638438299 100.90
1638438308 99.75
1638438317 0.00
1638438331 553.91
1638438345 548.10
1638438360 556.73
1638438372 553.95
1638438386 553.53
1638438400 554.76
1638438411 
1638438419 
1638438427 
1638438435 
1638438444 
1638438452 
1638438460 
1638438469 597.19
1638438481 599.15
1638438492 595.70
1638438504 597.20
1638438516 594.61
1638438529 597.46
1638438541 596.85
1638438554 597.18
1638438568 600.85
1638438579 401.97
1638438590 400.58
1638438601 595.79
1638438616 385.65
1638438627 401.08
1638438637 594.06
1638438650 592.66
1638438664 594.79
1638438678 593.54
1638438693 589.89
1638438707 595.48
1638438721 594.11
1638438735 596.19
1638438749 588.90
1638438764 598.79
1638438773 100.12
1638438782 100.02
1638438791 101.03
1638438800 99.87
1638438809 596.53
1638438825 599.41
1638438839 600.43
1638438855 596.62
1638438870 596.69
1638438885 597.59
1638438900 
1638438909 
1638438916 
1638438924 
1638438932 
1638438941 
1638438950 
1638438958 640.20
1638438971 632.84
1638438983 631.41
1638438996 632.86
1638439009 631.25
1638439023 636.63
1638439037 631.01
1638439052 639.08
1638439067 401.17
1638439078 397.98
1638439089 636.23
1638439105 399.25
1638439116 400.58
1638439127 636.53
1638439141 640.71
1638439156 637.90
1638439171 637.76
1638439187 634.87
1638439203 638.73
1638439218 634.15
1638439234 637.84
1638439251 631.14
1638439262 99.87
1638439271 99.99
1638439280 100.12
1638439289 100.39
1638439298 631.98
1638439316 631.27
1638439333 631.98
1638439349 630.86
1638439366 635.56
1638439383 634.71
1638439393 
1638439400 
1638439410 
1638439417 
1638439426 
1638439434 
1638439441 
1638439451 674.35
1638439465 665.08
1638439479 672.66
1638439494 665.46
1638439509 669.67
1638439524 676.55
1638439540 675.92
1638439557 401.06
1638439567 402.07
1638439578 675.76
1638439596 400.55
1638439607 401.54
1638439618 672.80
1638439635 667.17
1638439651 673.05
1638439668 677.86
1638439685 670.82
1638439702 678.55
1638439721 672.30
1638439738 673.22
1638439751 100.52
1638439760 100.39
1638439769 99.87
1638439777 100.27
1638439786 481.12
1638439806 675.83
1638439825 674.24
1638439844 675.24
1638439863 677.13
1638439879 
1638439887 
1638439896 
1638439904 
1638439912 
1638439920 
1638439928 
1638439937 711.00
1638439952 717.31
1638439968 709.23
1638439984 713.68
1638440000 712.17
1638440018 712.09
1638440037 712.49
1638440048 401.57
1638440058 402.90
1638440072 712.62
1638440089 389.37
1638440100 401.06
1638440111 712.61
1638440131 716.30
1638440151 709.43
1638440170 720.92
1638440190 709.14
1638440211 589.44
1638440232 705.07
1638440241 100.39
1638440250 99.74
1638440259 100.37
1638440268 99.99
1638440277 714.90
1638440299 723.16
1638440322 711.98
1638440344 712.94
1638440365 
1638440373 
1638440383 
1638440392 
1638440399 
1638440408 
1638440415 
1638440425 746.70
1638440445 748.63
1638440466 744.29
1638440487 749.72
1638440507 752.30
1638440530 399.95
1638440541 401.07
1638440552 747.21
1638440576 402.07
1638440586 400.05
1638440597 749.43
1638440620 739.45
1638440642 754.81
1638440665 751.51
1638440688 753.73
1638440711 760.31
1638440728 100.39
1638440737 100.10
1638440746 100.00
1638440755 100.52
1638440764 369.78
1638440790 752.58
1638440814 747.90
1638440838 731.34
1638440857 
1638440865 
1638440873 
1638440882 
1638440891 
1638440899 
1638440907 
1638440916 793.73
1638440940 790.09
1638440965 790.55
1638440991 791.91
1638441017 790.96
1638441026 400.54
1638441037 401.06
1638441058 796.30
1638441069 401.00
1638441080 401.56
1638441101 792.55
1638441127 786.18
1638441154 760.39
1638441183 792.63
1638441210 794.71
1638441219 100.00
1638441228 100.00
1638441237 100.39
1638441246 100.52
1638441255 789.15
1638441284 791.91
1638441314 788.98
1638441344 
1638441353 
1638441361 
1638441369 
1638441377 
1638441385 
1638441393 
