#how to read {start, load, score, end}
1638431273 .400  205.24227776065712 1638431811
1638431871 .800  392.70324895526221 1638432349
1638432409 1.200  569.83885155303153 1638432882
1638432942 1.600  786.31678953296284 1638433406
1638433466 2.000  985.95985895193337 1638433917
1638433977 2.400  1428.0308605320715 1638434428
1638434488 2.800  1135.7166226714824 1638434934
1638434994 3.200  1364.0529094264384 1638435441
1638435501 3.600  1694.5217285294491 1638435940
1638436000 4.000  2057.0164058884311 1638436435
1638436495 4.400  2530.0982943475365 1638436927
1638436987 4.800  3008.3666759893972 1638437422
1638437482 5.200  3531.8455968904705 1638437913
1638437973 5.600  3983.0324132073729 1638438404
1638438464 6.000  4795.1407985009964 1638438894
1638438954 6.400  5058.4459420822604 1638439384
1638439444 6.800  5264.6574646069648 1638439872
1638439933 7.200  5528.9256605313485 1638440361
1638440421 7.600  5739.0420234482499 1638440850
1638440910 8.000  5815.7376882986764 1638441340
