#how to read {timestamp, aggregated_cpu}
1645520008 0
1645520014 0
1645520020 0
1645520025 0
1645520031 0
1645520036 0
1645520042 0
1645520048 0
1645520053 0
1645520059 0
1645520066 99.70
1645520072 99.90
1645520079 100.00
1645520086 99.67
1645520092 100.27
1645520099 100.15
1645520106 100.00
1645520112 99.88
1645520119 99.87
1645520126 100.15
1645520132 100.00
1645520139 100.13
1645520145 100.12
1645520152 99.93
1645520159 99.75
1645520165 100.02
1645520172 100.02
1645520179 100.15
1645520185 99.87
1645520192 100.40
1645520199 100.12
1645520205 100.12
1645520212 102.47
1645520219 99.88
1645520225 100.40
1645520232 99.75
1645520239 99.75
1645520245 100.12
1645520252 100.15
1645520258 99.74
1645520265 100.02
1645520272 99.87
1645520278 100.15
1645520285 100.02
1645520292 99.75
1645520298 100.53
1645520305 100.00
1645520312 99.87
1645520318 102.09
1645520325 100.15
1645520332 99.74
1645520338 81.63
1645520345 99.90
1645520351 99.90
1645520358 99.87
1645520365 100.52
1645520371 100.02
1645520378 99.75
1645520384 100.00
1645520391 100.21
1645520398 99.74
1645520404 103.70
1645520411 99.88
1645520418 100.27
1645520424 99.88
1645520431 100.25
1645520438 100.02
1645520444 100.12
1645520450 0
1645520455 0
1645520461 0
1645520467 0
1645520472 0
1645520478 0
1645520484 0
1645520489 0
1645520495 0
1645520501 0
1645520506 0
1645520512 0
1645520517 0
1645520523 0
1645520529 0
1645520534 0
1645520541 198.14
1645520548 199.01
1645520554 200.00
1645520561 200.16
1645520568 201.05
1645520574 199.75
1645520581 200.55
1645520588 199.80
1645520594 197.03
1645520601 199.50
1645520607 200.25
1645520614 200.30
1645520621 199.75
1645520627 200.49
1645520634 200.00
1645520641 200.80
1645520647 200.29
1645520654 199.64
1645520661 200.25
1645520667 200.24
1645520674 200.55
1645520681 200.50
1645520687 204.31
1645520694 200.29
1645520700 199.75
1645520707 200.35
1645520714 199.75
1645520720 199.19
1645520727 200.55
1645520734 199.75
1645520740 200.25
1645520747 199.75
1645520754 199.75
1645520760 199.19
1645520767 200.18
1645520774 200.00
1645520780 200.55
1645520787 200.55
1645520793 154.82
1645520800 100.27
1645520807 100.12
1645520813 1.73
1645520820 99.63
1645520827 99.92
1645520833 99.83
1645520840 199.70
1645520847 199.89
1645520853 200.29
1645520860 200.68
1645520867 200.54
1645520873 200.24
1645520880 197.04
1645520887 199.37
1645520893 197.97
1645520900 191.70
1645520907 200.27
1645520913 200.55
1645520920 199.29
1645520926 0
1645520931 0
1645520937 0
1645520942 0
1645520948 0
1645520954 0
1645520959 0
1645520965 0
1645520971 0
1645520976 0
1645520982 0
1645520987 0
1645520993 0
1645520999 0
1645521004 0
1645521010 0
1645521017 300.83
1645521023 301.20
1645521030 301.57
1645521037 298.13
1645521043 288.46
1645521050 295.55
1645521057 300.08
1645521063 300.00
1645521070 299.60
1645521077 294.07
1645521083 300.07
1645521090 302.33
1645521096 300.79
1645521103 299.69
1645521110 297.84
1645521116 300.38
1645521123 300.44
1645521130 301.18
1645521136 299.63
1645521143 300.82
1645521150 298.49
1645521156 300.37
1645521163 300.07
1645521170 301.94
1645521176 300.29
1645521183 300.65
1645521189 299.33
1645521196 297.39
1645521203 294.74
1645521209 295.16
1645521216 300.82
1645521223 300.27
1645521229 299.33
1645521236 300.82
1645521243 297.79
1645521249 300.82
1645521256 300.45
1645521263 300.37
1645521269 99.87
1645521276 99.75
1645521283 100.27
1645521289 100.28
1645521296 100.12
1645521303 99.87
1645521309 282.60
1645521316 302.33
1645521323 299.61
1645521329 299.98
1645521336 300.82
1645521342 300.37
1645521349 300.74
1645521356 300.45
1645521362 300.08
1645521369 300.36
1645521376 288.68
1645521382 298.05
1645521389 289.61
1645521395 0
1645521401 0
1645521406 0
1645521412 0
1645521418 0
1645521423 0
1645521429 0
1645521435 0
1645521440 0
1645521446 0
1645521452 0
1645521457 0
1645521463 0
1645521468 0
1645521474 0
1645521480 0
1645521485 0
1645521492 390.37
1645521499 384.40
1645521505 390.84
1645521512 380.49
1645521519 387.20
1645521525 383.69
1645521532 392.83
1645521538 391.94
1645521545 398.30
1645521552 391.67
1645521558 397.02
1645521565 389.90
1645521572 400.37
1645521578 400.13
1645521585 401.95
1645521591 380.40
1645521598 401.58
1645521605 400.09
1645521611 397.50
1645521618 396.52
1645521625 396.14
1645521631 398.11
1645521638 395.78
1645521644 393.57
1645521651 395.63
1645521658 392.77
1645521664 396.70
1645521671 400.09
1645521678 384.15
1645521684 399.10
1645521691 399.99
1645521698 381.17
1645521704 400.10
1645521711 398.00
1645521718 399.83
1645521724 399.50
1645521731 396.66
1645521738 399.37
1645521744 100.53
1645521751 99.87
1645521758 99.87
1645521764 100.00
1645521771 99.75
1645521778 100.27
1645521784 398.23
1645521791 399.50
1645521798 400.36
1645521804 380.77
1645521811 401.07
1645521818 401.09
1645521824 406.54
1645521831 398.64
1645521837 395.06
1645521844 400.72
1645521851 383.49
1645521857 400.49
1645521864 382.93
1645521870 0
1645521875 0
1645521881 0
1645521887 0
1645521892 0
1645521898 0
1645521904 0
1645521909 0
1645521915 0
1645521920 0
1645521926 0
1645521932 0
1645521937 0
1645521943 0
1645521949 0
1645521954 0
1645521961 483.79
1645521968 477.90
1645521974 485.43
1645521981 483.11
1645521987 473.89
1645521994 498.17
1645522001 478.28
1645522007 499.96
1645522014 487.72
1645522021 499.17
1645522027 489.12
1645522034 500.51
1645522041 474.09
1645522047 502.20
1645522054 498.82
1645522061 501.32
1645522067 397.00
1645522074 398.99
1645522081 398.49
1645522087 496.36
1645522094 500.07
1645522101 498.83
1645522107 447.83
1645522114 400.59
1645522121 398.00
1645522127 401.59
1645522134 494.73
1645522141 494.44
1645522147 497.50
1645522154 496.13
1645522161 498.52
1645522167 497.34
1645522174 497.76
1645522181 495.66
1645522187 498.14
1645522194 497.40
1645522201 495.86
1645522207 499.10
1645522214 484.21
1645522220 494.90
1645522227 497.47
1645522234 499.77
1645522240 499.81
1645522247 498.13
1645522254 498.67
1645522260 99.87
1645522267 99.75
1645522274 99.87
1645522280 100.15
1645522287 100.27
1645522294 100.00
1645522300 501.01
1645522307 502.24
1645522314 500.11
1645522320 495.68
1645522327 499.83
1645522334 498.26
1645522340 497.36
1645522347 488.21
1645522354 488.63
1645522360 487.43
1645522367 478.01
1645522374 486.35
1645522380 476.94
1645522386 0
1645522392 0
1645522397 0
1645522403 0
1645522408 0
1645522414 0
1645522420 0
1645522425 0
1645522431 0
1645522437 0
1645522442 0
1645522448 0
1645522453 0
1645522459 0
1645522465 0
1645522470 0
1645522477 587.76
1645522484 601.07
1645522490 588.83
1645522497 586.48
1645522504 587.07
1645522510 589.80
1645522517 584.31
1645522523 598.88
1645522530 590.23
1645522537 602.34
1645522543 593.45
1645522550 600.90
1645522557 591.85
1645522563 600.20
1645522570 598.81
1645522577 599.92
1645522583 399.47
1645522590 401.09
1645522597 399.58
1645522603 594.03
1645522610 599.82
1645522617 600.71
1645522623 599.50
1645522630 399.49
1645522637 398.48
1645522643 401.59
1645522650 600.24
1645522657 600.70
1645522663 600.17
1645522670 593.95
1645522676 597.68
1645522683 595.14
1645522690 593.97
1645522696 591.73
1645522703 597.59
1645522710 590.75
1645522716 597.95
1645522723 596.45
1645522730 590.24
1645522736 598.45
1645522743 598.49
1645522750 599.22
1645522756 598.03
1645522763 600.36
1645522770 602.01
1645522776 100.53
1645522783 100.27
1645522790 100.40
1645522796 100.15
1645522803 99.96
1645522809 99.75
1645522816 598.46
1645522823 598.29
1645522829 599.52
1645522836 586.53
1645522843 596.37
1645522849 601.59
1645522856 600.34
1645522863 587.29
1645522869 601.84
1645522876 599.63
1645522883 597.29
1645522889 591.59
1645522896 576.62
1645522901 0
1645522907 0
1645522913 0
1645522918 0
1645522924 0
1645522930 0
1645522935 0
1645522941 0
1645522947 0
1645522952 0
1645522958 0
1645522963 0
1645522969 0
1645522975 0
1645522980 0
1645522986 0
1645522993 668.44
1645522999 697.43
1645523006 699.39
1645523013 699.09
1645523019 700.18
1645523026 696.83
1645523033 699.56
1645523039 700.39
1645523046 698.51
1645523053 700.99
1645523059 700.18
1645523066 702.90
1645523072 699.39
1645523079 698.64
1645523086 695.95
1645523093 697.27
1645523099 398.49
1645523106 399.59
1645523113 398.00
1645523119 668.73
1645523126 698.74
1645523133 703.12
1645523139 697.51
1645523146 399.82
1645523152 398.60
1645523159 400.08
1645523166 696.60
1645523172 702.30
1645523179 703.03
1645523186 699.04
1645523192 698.71
1645523199 698.83
1645523206 698.06
1645523212 699.52
1645523219 700.61
1645523226 694.83
1645523232 695.44
1645523239 699.47
1645523246 696.41
1645523252 696.14
1645523259 702.96
1645523266 702.45
1645523272 699.18
1645523279 702.18
1645523285 697.28
1645523292 99.75
1645523299 100.00
1645523305 100.15
1645523312 99.75
1645523319 99.87
1645523325 100.00
1645523332 697.66
1645523339 697.92
1645523345 699.29
1645523352 684.36
1645523359 697.78
1645523365 699.53
1645523372 701.41
1645523379 697.64
1645523385 699.59
1645523392 699.21
1645523398 693.17
1645523405 694.07
1645523412 698.36
1645523418 0
1645523423 0
1645523429 0
1645523435 0
1645523440 0
1645523446 0
1645523452 0
1645523457 0
1645523463 0
1645523469 0
1645523474 0
1645523480 0
1645523485 0
1645523491 0
1645523497 0
1645523502 0
1645523508 0
1645523515 787.44
1645523522 796.88
1645523529 775.33
1645523536 797.69
1645523542 778.34
1645523549 793.98
1645523556 774.12
1645523563 799.58
1645523570 777.33
1645523577 797.16
1645523584 779.82
1645523591 798.87
1645523598 768.05
1645523605 794.17
1645523612 787.19
1645523618 402.03
1645523625 401.59
1645523632 401.07
1645523639 788.52
1645523646 794.06
1645523653 787.44
1645523659 401.08
1645523666 399.48
1645523673 400.49
1645523679 787.64
1645523686 799.81
1645523693 798.13
1645523700 745.55
1645523707 797.81
1645523714 791.49
1645523721 742.31
1645523728 793.44
1645523735 797.52
1645523742 787.61
1645523749 794.56
1645523755 799.77
1645523762 801.17
1645523769 798.35
1645523776 800.25
1645523783 797.04
1645523790 795.85
1645523797 798.77
1645523804 799.67
1645523810 99.87
1645523817 100.00
1645523824 100.27
1645523830 100.15
1645523837 100.02
1645523844 100.00
1645523851 795.97
1645523858 797.65
1645523865 795.63
1645523872 795.20
1645523878 794.20
1645523885 797.67
1645523892 791.50
1645523899 798.31
1645523906 797.92
1645523913 799.17
1645523920 796.11
1645523926 790.80
1645523933 768.70
1645523939 0
1645523945 0
1645523950 0
1645523956 0
1645523962 0
1645523967 0
1645523973 0
1645523978 0
1645523984 0
1645523990 0
1645523995 0
1645524001 0
1645524007 0
1645524012 0
1645524018 0
1645524024 0
