#how to read {start, load, score, end}
1646153010 1 1964.3274809794621 1646153394
1646153484 2 3894.5836551190941 1646153867
1646153957 3 5709.2644599410087 1646154340
1646154430 4 7533.5608360238903 1646154814
1646154904 5 9158.32938261237 1646155287
1646155377 6 10680.863029739132 1646155761
1646155851 7 12237.345059203835 1646156234
1646156324 8 13876.230630789252 1646156708
1646156798 9 15332.739384864275 1646157181
1646157271 10 16695.422174642477 1646157654
1646157744 11 18177.617250216972 1646158127
1646158217 12 19627.397245197491 1646158600
1646158690 13 21057.835099588636 1646159074
1646159164 14 22415.850461414717 1646159547
1646159637 15 23742.99849785426 1646160020
1646160110 16 25085.141583141391 1646160493
1646160583 17 26341.171050732501 1646160966
1646161056 18 27529.606200638518 1646161439
1646161529 19 28693.714635830609 1646161913
1646162003 20 29853.151700871935 1646162387
1646162477 21 30973.063117416201 1646162860
1646162950 22 32035.285660051832 1646163334
1646163424 23 33009.132533779659 1646163808
1646163898 24 33977.68369710353 1646164281
1646164371 25 34806.404964691959 1646164755
1646164845 26 35676.471985441138 1646165229
1646165319 27 36493.716158187475 1646165702
1646165792 28 37320.69532595222 1646166176
1646166266 29 38014.17152767197 1646166650
1646166740 30 38661.723051197288 1646167124
1646167214 31 39334.707715895107 1646167598
1646167688 32 40001.045323124992 1646168072
1646168162 33 40366.863550299378 1646168546
1646168636 34 40751.005492695876 1646169020
1646169110 35 41221.478201477352 1646169494
1646169584 36 42001.402322088506 1646169969
1646170059 37 42506.411146289429 1646170443
1646170533 38 43171.596968423961 1646170917
1646171007 39 43581.333445146025 1646171391
1646171481 40 44084.930356624049 1646171865
1646171955 41 44327.790344739224 1646172339
1646172429 42 44420.084322064242 1646172814
1646172904 43 44925.025934239624 1646173288
1646173378 44 45489.512264422672 1646173762
1646173852 45 45907.975978689239 1646174237
1646174327 46 46429.5103320134 1646174711
1646174801 47 46887.96724325059 1646175186
1646175276 48 47143.868266830199 1646175660
1646175750 49 47487.419605705938 1646176135
1646176225 50 47811.83403692142 1646176609
1646176699 51 48018.942788928696 1646177083
1646177174 52 48658.611687408375 1646177558
1646177648 53 48716.371646435095 1646178033
1646178123 54 49032.542482563797 1646178507
1646178597 55 49427.309287999065 1646178982
1646179072 56 49784.206945042919 1646179457
1646179547 57 50231.068119667441 1646179974
1646180064 58 50600.830536168287 1646180492
1646180582 59 51133.135270609717 1646181010
1646181100 60 51496.759157490604 1646181528
1646181618 61 51960.56511063395 1646182046
1646182136 62 52505.939210913326 1646182563
1646182654 63 52823.878080268791 1646183081
1646183171 64 53259.216139933596 1646183599
1646183689 65 53471.300689209478 1646184117
1646184207 66 53725.757654797206 1646184636
1646184726 67 54170.995603092022 1646185154
1646185244 68 54370.527709941183 1646185672
1646185762 69 54655.014821659985 1646186190
1646186280 70 54896.011692864813 1646186708
1646186798 71 54967.964648312547 1646187227
1646187317 72 55236.874488610571 1646187745
1646187835 73 55443.588882313852 1646188263
1646188353 74 55662.828061171705 1646188781
1646188871 75 55823.87014583635 1646189300
1646189390 76 56180.711796196279 1646189818
1646189908 77 56302.495428573151 1646190336
1646190426 78 56568.651640581149 1646190854
1646190944 79 56822.829587840679 1646191373
1646191463 80 57020.156238298834 1646191891
1646191981 81 57184.849404751483 1646192410
1646192500 82 57314.845883975577 1646192928
1646193018 83 57443.99028146379 1646193447
1646193537 84 57609.245679249965 1646193965
1646194055 85 57860.756931761396 1646194484
1646194574 86 58133.86222171026 1646195002
1646195092 87 58323.608021590968 1646195521
1646195611 88 58285.916139280365 1646196039
1646196129 89 58582.457370807038 1646196558
1646196648 90 58604.317550511834 1646197076
1646197167 91 58709.629476557355 1646197595
1646197685 92 58961.944753399766 1646198114
1646198204 93 59049.961376970547 1646198632
1646198722 94 59168.318288316746 1646199151
1646199241 95 59250.950554582349 1646199669
1646199760 96 59261.582654375452 1646200188
1646200278 97 59370.878611961911 1646200707
1646200797 98 59512.325751249205 1646201226
1646201316 99 59596.749415587357 1646201745
1646201835 100 59771.222600143054 1646202263
1646202353 101 59878.621648014363 1646202782
1646202873 102 59980.418581363549 1646203301
1646203391 103 60029.737910763644 1646203820
1646203910 104 60254.746277253798 1646204339
1646204430 105 60327.599185873805 1646204858
1646204949 106 60465.558867740881 1646205377
1646205467 107 60497.441948167296 1646205897
1646205987 108 60514.001633182605 1646206416
1646206506 109 60454.244661749872 1646206935
1646207025 110 60717.422667203806 1646207454
1646207544 111 60762.396798464288 1646207974
1646208064 112 60853.91065052773 1646208493
