#how to read {timestamp, aggregated_cpu}
1638867668 
1638867675 
1638867683 
1638867691 
1638867698 
1638867706 
1638867713 
1638867722 
1638867731 100.10
1638867739 100.09
1638867747 100.33
1638867755 100.27
1638867763 100.12
1638867772 99.88
1638867780 100.48
1638867788 100.97
1638867796 100.17
1638867804 100.08
1638867812 100.09
1638867820 100.23
1638867829 100.49
1638867837 99.96
1638867845 99.96
1638867854 99.97
1638867862 100.26
1638867870 100.12
1638867878 100.10
1638867886 100.06
1638867895 100.49
1638867903 100.37
1638867911 100.09
1638867919 100.21
1638867927 100.65
1638867935 99.74
1638867944 99.84
1638867952 100.60
1638867960 99.96
1638867968 100.59
1638867976 99.97
1638867985 100.01
1638867993 100.77
1638868001 100.52
1638868009 100.31
1638868017 100.36
1638868026 0.00
1638868034 100.39
1638868042 100.11
1638868051 100.49
1638868059 100.11
1638868067 100.03
1638868076 100.46
1638868084 100.24
1638868092 100.12
1638868100 98.40
1638868108 100.27
1638868116 
1638868123 
1638868131 
1638868139 
1638868147 
1638868156 
1638868163 
1638868171 
1638868180 198.03
1638868188 197.97
1638868196 198.98
1638868204 200.51
1638868212 199.41
1638868220 199.74
1638868228 197.87
1638868237 200.82
1638868245 199.98
1638868253 200.54
1638868261 198.52
1638868270 200.54
1638868279 204.11
1638868287 200.23
1638868296 198.52
1638868305 200.07
1638868313 197.72
1638868322 199.94
1638868330 200.35
1638868338 200.75
1638868347 198.51
1638868355 199.99
1638868363 201.29
1638868372 198.53
1638868380 200.14
1638868388 199.90
1638868397 199.95
1638868405 200.87
1638868414 198.26
1638868422 200.24
1638868431 99.74
1638868439 99.99
1638868447 45.55
1638868456 100.40
1638868464 100.12
1638868472 200.34
1638868481 198.28
1638868490 197.72
1638868498 201.12
1638868507 199.17
1638868516 200.26
1638868524 196.35
1638868533 198.44
1638868541 199.15
1638868550 198.50
1638868558 
1638868565 
1638868573 
1638868581 
1638868589 
1638868597 
1638868605 
1638868613 
1638868622 299.55
1638868631 293.49
1638868639 296.21
1638868647 299.32
1638868655 300.37
1638868663 300.00
1638868672 296.32
1638868680 300.81
1638868689 290.16
1638868697 301.13
1638868706 300.77
1638868715 299.99
1638868725 299.89
1638868734 301.16
1638868743 303.73
1638868752 301.11
1638868760 301.11
1638868769 301.72
1638868778 299.60
1638868787 289.22
1638868796 299.61
1638868805 299.61
1638868813 299.99
1638868822 299.98
1638868831 300.33
1638868840 300.74
1638868849 299.99
1638868858 298.49
1638868867 299.53
1638868876 100.00
1638868884 99.75
1638868892 0.00
1638868901 100.25
1638868909 99.99
1638868918 300.73
1638868927 300.44
1638868936 297.70
1638868946 298.86
1638868955 300.79
1638868964 291.24
1638868973 298.92
1638868982 299.99
1638868991 299.91
1638869000 305.33
1638869009 
1638869019 
1638869026 
1638869035 
1638869044 
1638869052 
1638869060 
1638869068 386.27
1638869077 390.23
1638869085 386.92
1638869094 392.13
1638869103 388.80
1638869111 387.83
1638869120 384.17
1638869129 394.17
1638869137 387.99
1638869146 400.27
1638869156 400.06
1638869166 399.87
1638869175 401.16
1638869185 399.45
1638869195 400.58
1638869204 388.07
1638869214 395.95
1638869223 397.46
1638869233 401.38
1638869242 399.05
1638869252 397.27
1638869261 402.67
1638869271 397.04
1638869280 399.99
1638869289 396.98
1638869299 399.36
1638869308 400.08
1638869318 100.00
1638869326 100.82
1638869335 100.14
1638869343 100.12
1638869352 100.12
1638869360 400.56
1638869370 401.27
1638869380 388.55
1638869390 401.43
1638869401 404.35
1638869410 393.16
1638869419 392.13
1638869429 394.49
1638869438 392.11
1638869447 
1638869456 
1638869463 
1638869472 
1638869480 
1638869488 
1638869497 
1638869504 
1638869513 487.98
1638869521 488.88
1638869530 482.98
1638869538 498.38
1638869547 486.99
1638869556 498.20
1638869565 492.55
1638869574 491.85
1638869583 500.56
1638869592 499.11
1638869602 499.38
1638869613 401.03
1638869623 400.52
1638869633 463.87
1638869644 500.51
1638869654 392.90
1638869665 400.06
1638869675 426.31
1638869684 501.67
1638869694 497.50
1638869703 502.86
1638869713 496.61
1638869723 502.20
1638869732 500.04
1638869742 500.92
1638869752 495.02
1638869761 500.25
1638869771 497.33
1638869781 496.40
1638869790 498.39
1638869800 497.98
1638869810 100.39
1638869818 100.12
1638869827 100.00
1638869836 100.12
1638869844 54.78
1638869854 502.53
1638869864 502.59
1638869874 501.45
1638869884 500.78
1638869895 499.38
1638869904 495.84
1638869915 488.86
1638869924 501.17
1638869933 
1638869941 
1638869949 
1638869956 
1638869964 
1638869972 
1638869980 
1638869990 
1638869998 582.61
1638870007 600.85
1638870015 590.19
1638870024 587.21
1638870033 581.62
1638870042 587.95
1638870051 591.43
1638870060 595.99
1638870069 595.82
1638870078 598.57
1638870089 599.58
1638870100 387.86
1638870110 387.39
1638870121 536.15
1638870132 600.45
1638870143 393.71
1638870153 400.91
1638870164 565.13
1638870173 599.14
1638870183 596.40
1638870193 598.68
1638870203 598.41
1638870213 596.72
1638870223 593.30
1638870233 599.48
1638870243 598.70
1638870253 596.41
1638870263 595.78
1638870272 598.24
1638870283 599.59
1638870293 99.99
1638870301 100.51
1638870310 100.39
1638870320 100.40
1638870328 100.24
1638870337 597.68
1638870348 600.88
1638870359 599.04
1638870370 599.48
1638870381 592.83
1638870391 596.86
1638870402 588.39
1638870412 593.80
1638870421 
1638870429 
1638870437 
1638870446 
1638870453 
1638870462 
1638870470 
1638870479 
1638870488 697.71
1638870498 697.93
1638870507 696.79
1638870516 696.04
1638870527 703.58
1638870536 700.85
1638870546 706.61
1638870557 699.10
1638870566 698.07
1638870579 697.28
1638870592 399.50
1638870602 400.49
1638870613 698.89
1638870626 698.35
1638870637 400.59
1638870648 400.08
1638870658 692.94
1638870669 697.05
1638870681 700.60
1638870692 700.44
1638870702 700.44
1638870714 694.91
1638870725 695.97
1638870735 697.54
1638870748 700.67
1638870760 702.11
1638870771 696.96
1638870782 100.12
1638870791 100.12
1638870800 0.00
1638870808 99.99
1638870817 99.87
1638870826 694.13
1638870839 697.13
1638870851 697.14
1638870865 624.49
1638870876 698.65
1638870887 695.81
1638870900 697.70
1638870911 
1638870920 
1638870927 
1638870935 
1638870943 
1638870951 
1638870962 
1638870969 
1638870994 793.75
1638871020 793.69
1638871046 794.69
1638871073 779.92
1638871083 399.98
1638871094 400.78
1638871110 791.27
1638871126 401.01
1638871137 403.07
1638871155 797.62
1638871182 687.82
1638871211 777.14
1638871240 791.63
1638871266 793.15
1638871276 100.39
1638871285 100.00
1638871294 100.39
1638871303 101.03
1638871312 790.26
1638871342 791.95
1638871372 792.19
1638871402 
1638871410 
1638871418 
1638871426 
1638871433 
1638871443 
1638871451 
