#how to read {timestamp, aggregated_cpu}
1638873020 
1638873031 
1638873041 
1638873050 
1638873060 
1638873071 
1638873079 
1638873088 100.40
1638873097 100.53
1638873106 99.87
1638873115 100.00
1638873124 100.13
1638873133 100.00
1638873142 100.40
1638873151 100.15
1638873160 100.00
1638873169 99.75
1638873178 100.21
1638873187 100.15
1638873196 100.15
1638873205 100.27
1638873214 100.00
1638873223 100.28
1638873232 100.39
1638873241 100.15
1638873250 100.30
1638873259 100.00
1638873268 100.15
1638873277 100.00
1638873286 100.02
1638873295 100.14
1638873304 100.15
1638873313 96.07
1638873322 100.02
1638873331 100.52
1638873340 100.00
1638873349 100.00
1638873358 100.15
1638873367 100.37
1638873376 0.00
1638873385 99.99
1638873394 100.27
1638873403 100.40
1638873412 100.15
1638873421 97.08
1638873430 99.75
1638873439 100.40
1638873448 100.15
1638873457 99.75
1638873465 
1638873475 
1638873484 
1638873494 
1638873505 
1638873515 
1638873524 
1638873533 198.75
1638873542 199.74
1638873551 200.55
1638873559 200.55
1638873568 200.29
1638873577 200.54
1638873586 200.05
1638873595 200.80
1638873604 200.00
1638873613 199.50
1638873623 200.55
1638873632 199.46
1638873641 199.74
1638873651 195.34
1638873660 200.00
1638873669 199.79
1638873678 200.00
1638873687 199.75
1638873696 200.54
1638873705 200.25
1638873714 200.55
1638873723 200.55
1638873732 199.01
1638873741 200.30
1638873750 200.00
1638873759 200.00
1638873768 200.50
1638873777 200.29
1638873786 100.00
1638873795 100.40
1638873804 99.75
1638873813 100.25
1638873822 199.24
1638873832 200.24
1638873841 200.04
1638873850 200.28
1638873860 200.79
1638873869 200.79
1638873878 199.25
1638873887 197.29
1638873896 200.00
1638873905 199.80
1638873914 
1638873924 
1638873933 
1638873943 
1638873953 
1638873964 
1638873974 299.62
1638873983 299.81
1638873992 300.11
1638874001 299.69
1638874010 286.59
1638874019 300.44
1638874028 299.60
1638874037 298.85
1638874046 300.00
1638874055 300.81
1638874065 300.37
1638874075 301.57
1638874085 299.61
1638874095 297.86
1638874104 299.69
1638874114 297.12
1638874123 301.57
1638874132 300.82
1638874141 299.99
1638874151 299.98
1638874160 298.88
1638874169 300.37
1638874178 303.00
1638874188 300.00
1638874197 300.07
1638874206 300.45
1638874215 301.58
1638874225 100.15
1638874234 100.40
1638874243 100.07
1638874252 100.40
1638874261 99.87
1638874271 300.81
1638874281 300.43
1638874291 299.91
1638874301 300.43
1638874310 300.06
1638874320 300.00
1638874329 282.36
1638874338 293.41
1638874347 298.87
1638874356 
1638874365 
1638874376 
1638874386 
1638874395 
1638874406 
1638874417 392.04
1638874426 388.82
1638874435 385.54
1638874445 385.53
1638874454 379.12
1638874463 386.87
1638874472 399.01
1638874482 387.07
1638874491 392.63
1638874500 402.03
1638874510 398.11
1638874521 397.89
1638874531 399.59
1638874542 399.10
1638874551 400.09
1638874561 397.76
1638874570 395.67
1638874580 385.65
1638874589 390.38
1638874599 399.36
1638874608 400.44
1638874618 401.09
1638874627 400.49
1638874637 394.33
1638874646 398.06
1638874656 397.46
1638874665 104.55
1638874675 100.00
1638874684 100.40
1638874694 100.12
1638874703 100.15
1638874712 401.06
1638874723 400.09
1638874733 399.97
1638874744 400.84
1638874754 372.19
1638874764 393.12
1638874773 389.04
1638874783 395.41
1638874793 
1638874803 
1638874814 
1638874825 
1638874833 
1638874844 
1638874856 484.75
1638874865 495.07
1638874874 486.29
1638874884 493.22
1638874893 498.75
1638874902 484.54
1638874912 484.19
1638874921 492.16
1638874930 487.80
1638874940 496.43
1638874950 499.10
1638874961 394.18
1638874971 398.50
1638874982 492.74
1638874993 499.99
1638875003 392.28
1638875014 401.52
1638875025 498.87
1638875035 496.16
1638875044 496.41
1638875054 498.68
1638875064 494.79
1638875073 478.58
1638875083 501.01
1638875093 495.20
1638875102 501.24
1638875112 498.71
1638875122 498.13
1638875131 486.54
1638875141 495.04
1638875150 499.74
1638875159 100.40
1638875168 99.75
1638875178 100.27
1638875187 100.03
1638875196 497.32
1638875207 498.02
1638875218 501.86
1638875229 499.80
1638875239 489.57
1638875249 500.80
1638875259 470.78
1638875269 489.28
1638875278 478.58
1638875288 
1638875297 
1638875307 
1638875318 
1638875326 
1638875337 
1638875348 599.49
1638875356 597.14
1638875365 590.53
1638875375 599.09
1638875384 597.24
1638875394 597.46
1638875403 599.98
1638875411 591.05
1638875421 588.43
1638875430 599.13
1638875440 598.16
1638875451 400.18
1638875462 402.06
1638875473 598.15
1638875484 603.89
1638875495 399.49
1638875505 401.08
1638875516 599.64
1638875526 592.72
1638875536 595.29
1638875546 598.46
1638875556 599.34
1638875566 590.14
1638875575 596.78
1638875585 600.23
1638875595 591.74
1638875605 598.14
1638875615 599.35
1638875624 599.76
1638875634 597.13
1638875644 100.52
1638875654 100.00
1638875663 100.00
1638875672 100.28
1638875682 598.29
1638875693 598.74
1638875704 601.62
1638875715 597.99
1638875727 588.23
1638875737 592.05
1638875747 596.72
1638875757 598.58
1638875766 
1638875777 
1638875788 
1638875798 
1638875807 
1638875818 
1638875829 699.54
1638875839 698.91
1638875849 700.76
1638875859 697.13
1638875869 699.64
1638875878 698.89
1638875888 699.94
1638875898 690.77
1638875908 700.85
1638875918 699.33
1638875929 699.88
1638875940 400.57
1638875951 400.58
1638875961 700.99
1638875973 699.81
1638875983 400.59
1638875994 401.79
1638876005 696.53
1638876015 699.22
1638876027 703.50
1638876036 702.56
1638876046 700.51
1638876058 699.07
1638876067 694.26
1638876077 695.92
1638876087 696.21
1638876097 701.93
1638876108 699.49
1638876119 702.81
1638876129 100.28
1638876138 100.12
1638876148 100.40
1638876157 100.27
1638876167 698.55
1638876179 701.27
1638876191 695.92
1638876204 697.10
1638876215 698.27
1638876226 694.79
1638876237 699.86
1638876249 699.94
1638876259 
1638876270 
1638876279 
1638876289 
1638876299 
1638876307 
1638876318 799.58
1638876343 797.47
1638876369 783.33
1638876395 798.74
1638876421 399.59
1638876432 401.03
1638876443 766.78
1638876469 400.09
1638876480 401.59
1638876495 795.52
1638876520 777.63
1638876548 777.87
1638876576 796.20
1638876604 794.42
1638876619 100.15
1638876629 100.27
1638876639 100.15
1638876648 100.00
1638876657 803.38
1638876690 795.13
1638876722 795.91
1638876747 
1638876758 
1638876768 
1638876777 
1638876788 
1638876799 
