#how to read {timestamp, aggregated_cpu}
1640196876 
1640196881 
1640196887 
1640196893 
1640196898 
1640196904 
1640196909 
1640196915 
1640196920 
1640196926 
1640196931 
1640196937 
1640196943 99.72
1640196950 100.19
1640196957 100.19
1640196963 99.82
1640196970 99.87
1640196976 100.15
1640196983 100.26
1640196989 99.86
1640196996 99.69
1640197002 99.83
1640197009 100.16
1640197016 99.86
1640197022 100.18
1640197029 100.25
1640197035 99.85
1640197042 99.67
1640197048 100.18
1640197055 100.10
1640197061 99.85
1640197068 100.17
1640197075 99.80
1640197081 100.14
1640197088 99.70
1640197094 100.17
1640197101 99.66
1640197107 100.56
1640197114 99.85
1640197120 99.89
1640197127 99.77
1640197134 99.71
1640197140 100.14
1640197147 100.16
1640197153 100.15
1640197160 100.19
1640197166 99.78
1640197173 99.82
1640197179 100.10
1640197186 99.81
1640197193 105.20
1640197199 100.26
1640197206 99.80
1640197212 84.05
1640197219 100.12
1640197225 99.66
1640197232 100.15
1640197238 99.83
1640197245 100.20
1640197252 99.99
1640197258 99.81
1640197265 100.06
1640197271 100.20
1640197278 104.72
1640197284 99.72
1640197291 100.16
1640197297 99.83
1640197304 99.79
1640197310 99.91
1640197317 98.18
1640197323 
1640197328 
1640197334 
1640197339 
1640197345 
1640197350 
1640197356 
1640197361 
1640197367 
1640197373 
1640197378 
1640197385 200.37
1640197391 200.10
1640197398 200.27
1640197404 199.65
1640197411 199.72
1640197417 199.65
1640197424 199.72
1640197430 200.09
1640197437 199.65
1640197444 199.72
1640197450 199.54
1640197457 199.65
1640197463 199.23
1640197470 199.99
1640197476 199.53
1640197483 199.78
1640197489 199.64
1640197496 199.40
1640197503 200.23
1640197509 205.21
1640197516 200.37
1640197522 199.76
1640197529 199.92
1640197535 199.79
1640197542 199.25
1640197548 199.31
1640197555 199.35
1640197562 199.24
1640197568 198.67
1640197575 199.53
1640197581 199.28
1640197588 199.69
1640197594 201.37
1640197601 200.33
1640197607 199.09
1640197614 200.26
1640197621 200.01
1640197627 199.55
1640197634 199.71
1640197640 100.23
1640197647 99.76
1640197653 100.20
1640197660 99.83
1640197666 100.22
1640197673 99.82
1640197680 40.12
1640197686 199.98
1640197693 200.11
1640197699 199.70
1640197706 199.19
1640197712 199.51
1640197719 199.92
1640197725 200.34
1640197732 199.60
1640197739 200.60
1640197745 194.74
1640197752 198.72
1640197758 199.51
1640197765 200.12
1640197770 
1640197776 
1640197781 
1640197787 
1640197792 
1640197798 
1640197804 
1640197809 
1640197815 
1640197820 
1640197826 
1640197832 299.48
1640197839 300.27
1640197845 299.51
1640197852 299.02
1640197859 300.50
1640197865 299.19
1640197872 299.38
1640197878 299.36
1640197885 300.46
1640197891 300.21
1640197898 299.47
1640197904 299.47
1640197911 300.03
1640197917 299.80
1640197924 298.89
1640197931 300.63
1640197937 299.07
1640197944 300.09
1640197950 299.14
1640197957 300.11
1640197963 299.34
1640197970 300.07
1640197976 300.01
1640197983 298.55
1640197990 300.02
1640197996 301.52
1640198003 299.25
1640198009 299.22
1640198016 299.13
1640198022 298.42
1640198029 300.03
1640198035 298.85
1640198042 299.64
1640198049 300.28
1640198055 300.64
1640198062 298.85
1640198068 299.67
1640198075 300.24
1640198081 307.83
1640198088 99.79
1640198094 100.14
1640198101 99.74
1640198108 99.76
1640198114 100.16
1640198121 99.90
1640198127 299.71
1640198134 300.20
1640198140 298.16
1640198147 300.53
1640198153 299.75
1640198160 300.09
1640198167 305.59
1640198173 300.46
1640198180 298.00
1640198186 299.34
1640198193 299.59
1640198199 300.29
1640198206 300.13
1640198211 0.00
1640198217 
1640198223 
1640198228 
1640198234 
1640198239 
1640198245 
1640198250 
1640198256 
1640198261 
1640198267 
1640198274 399.48
1640198280 398.25
1640198287 398.66
1640198293 400.62
1640198300 398.99
1640198306 398.38
1640198313 400.52
1640198319 400.05
1640198326 399.60
1640198333 398.67
1640198339 400.26
1640198346 399.74
1640198352 399.59
1640198359 400.40
1640198365 399.43
1640198372 398.50
1640198378 398.78
1640198385 398.83
1640198392 400.17
1640198398 397.80
1640198405 400.09
1640198411 399.79
1640198418 399.75
1640198424 399.09
1640198431 398.14
1640198437 399.79
1640198444 397.97
1640198450 400.68
1640198457 398.24
1640198464 398.47
1640198470 399.86
1640198477 398.86
1640198483 397.86
1640198490 400.07
1640198496 400.19
1640198503 398.46
1640198509 399.90
1640198516 398.11
1640198523 399.34
1640198529 100.08
1640198536 99.76
1640198542 100.10
1640198549 100.16
1640198555 100.15
1640198562 100.12
1640198568 37.76
1640198575 398.63
1640198582 398.60
1640198588 399.39
1640198595 399.69
1640198601 399.42
1640198608 400.11
1640198614 398.77
1640198621 398.67
1640198627 400.61
1640198634 392.47
1640198641 396.37
1640198647 399.89
1640198654 399.41
1640198659 
1640198665 
1640198670 
1640198676 
1640198681 
1640198687 
1640198693 
1640198698 
1640198704 
1640198709 
1640198715 
1640198721 501.11
1640198728 498.24
1640198734 498.42
1640198741 499.54
1640198747 498.76
1640198754 501.00
1640198761 500.06
1640198767 500.96
1640198774 499.30
1640198780 499.36
1640198787 497.70
1640198793 498.06
1640198800 501.13
1640198806 499.91
1640198813 498.29
1640198820 500.58
1640198826 500.67
1640198833 500.07
1640198839 498.85
1640198846 499.50
1640198852 499.37
1640198859 498.83
1640198865 499.50
1640198872 499.53
1640198879 498.92
1640198885 505.54
1640198892 500.38
1640198898 498.55
1640198905 500.31
1640198911 500.17
1640198918 499.13
1640198924 497.81
1640198931 499.81
1640198938 499.25
1640198944 499.11
1640198951 500.57
1640198957 499.44
1640198964 499.66
1640198970 508.15
1640198977 99.68
1640198983 100.17
1640198990 73.61
1640198997 99.79
1640199003 100.13
1640199010 99.85
1640199016 497.94
1640199023 497.52
1640199029 499.23
1640199036 498.65
1640199042 499.87
1640199049 500.38
1640199056 509.10
1640199062 497.88
1640199069 497.00
1640199075 498.96
1640199082 499.29
1640199088 500.77
1640199095 498.42
1640199100 
1640199106 
1640199112 
1640199117 
1640199123 
1640199128 
1640199134 
1640199139 
1640199145 
1640199150 
1640199156 
1640199162 600.46
1640199169 598.16
1640199176 599.39
1640199182 598.74
1640199189 601.20
1640199195 598.09
1640199202 598.17
1640199208 600.01
1640199215 600.38
1640199221 598.28
1640199228 597.79
1640199235 600.38
1640199241 599.21
1640199248 597.13
1640199254 598.74
1640199261 597.99
1640199267 599.22
1640199274 597.15
1640199280 598.26
1640199287 600.11
1640199294 597.93
1640199300 597.65
1640199307 598.90
1640199313 600.32
1640199320 597.82
1640199326 599.58
1640199333 596.40
1640199339 600.44
1640199346 597.43
1640199353 599.41
1640199359 599.28
1640199366 600.54
1640199372 590.03
1640199379 599.81
1640199385 598.16
1640199392 600.13
1640199398 600.65
1640199405 600.84
1640199412 599.24
1640199418 99.83
1640199425 99.77
1640199431 100.11
1640199438 100.06
1640199444 100.18
1640199451 100.07
1640199457 258.79
1640199464 599.37
1640199471 599.84
1640199477 598.18
1640199484 600.24
1640199490 600.03
1640199497 599.54
1640199503 598.47
1640199510 601.13
1640199516 599.91
1640199523 597.09
1640199530 599.76
1640199536 598.17
1640199543 598.05
1640199548 
1640199554 
1640199559 
1640199565 
1640199570 
1640199576 
1640199581 
1640199587 
1640199593 
1640199598 
1640199604 
1640199610 700.92
1640199617 698.66
1640199623 698.68
1640199630 697.07
1640199636 699.77
1640199643 701.64
1640199650 697.89
1640199656 697.86
1640199663 700.29
1640199669 699.33
1640199676 697.67
1640199682 701.88
1640199689 697.87
1640199695 698.52
1640199702 699.04
1640199709 699.72
1640199715 697.12
1640199722 700.22
1640199728 699.69
1640199735 700.36
1640199741 699.54
1640199748 699.19
1640199754 699.74
1640199761 700.21
1640199768 700.73
1640199774 699.71
1640199781 698.25
1640199787 696.99
1640199794 697.54
1640199800 700.23
1640199807 697.61
1640199813 701.32
1640199820 700.90
1640199827 697.98
1640199833 701.09
1640199840 699.33
1640199846 701.20
1640199853 699.42
1640199859 348.58
1640199866 99.79
1640199872 99.78
1640199879 6.15
1640199886 99.75
1640199892 100.17
1640199899 99.64
1640199905 701.06
1640199912 699.40
1640199918 697.37
1640199925 696.87
1640199931 699.23
1640199938 699.92
1640199945 679.66
1640199951 696.69
1640199958 697.49
1640199964 700.64
1640199971 698.15
1640199977 697.51
1640199984 699.86
1640199989 
1640199995 
1640200001 
1640200006 
1640200012 
1640200017 
1640200023 
1640200028 
1640200034 
1640200039 
1640200045 
1640200051 800.54
1640200058 802.14
1640200065 800.56
1640200071 800.40
1640200078 797.71
1640200084 797.67
1640200091 798.65
1640200097 798.95
1640200104 802.08
1640200110 798.39
1640200117 798.69
1640200124 800.44
1640200130 801.10
1640200137 800.50
1640200143 797.47
1640200150 801.30
1640200156 795.67
1640200163 796.34
1640200169 800.29
1640200176 740.44
1640200183 796.40
1640200189 797.12
1640200196 799.56
1640200202 800.04
1640200209 800.34
1640200215 799.56
1640200222 801.19
1640200228 797.63
1640200235 800.50
1640200242 799.40
1640200248 797.58
1640200255 799.63
1640200261 797.89
1640200268 800.80
1640200274 797.33
1640200281 802.10
1640200287 798.84
1640200294 796.84
1640200301 796.32
1640200307 100.16
1640200314 99.74
1640200320 99.75
1640200327 100.22
1640200333 100.30
1640200340 99.81
1640200346 801.01
1640200353 798.79
1640200360 799.20
1640200366 807.35
1640200373 799.54
1640200379 800.64
1640200386 799.40
1640200392 796.51
1640200399 801.72
1640200405 796.58
1640200412 797.83
1640200419 799.11
1640200425 799.42
1640200432 800.43
1640200437 
1640200443 
1640200448 
1640200454 
1640200459 
1640200465 
1640200471 
1640200476 
1640200482 
1640200487 
1640200493 
1640200499 899.10
1640200506 899.65
1640200512 896.43
1640200519 896.06
1640200525 898.19
1640200532 901.17
1640200539 897.86
1640200545 897.20
1640200552 900.52
1640200558 897.40
1640200565 900.86
1640200571 896.01
1640200578 897.42
1640200584 900.24
1640200591 895.24
1640200598 896.09
1640200604 901.65
1640200611 901.50
1640200617 899.01
1640200624 899.33
1640200630 894.94
1640200637 898.66
1640200644 899.49
1640200650 898.83
1640200657 898.63
1640200663 889.83
1640200670 898.82
1640200676 899.36
1640200683 900.08
1640200689 898.92
1640200696 899.82
1640200703 901.63
1640200709 900.53
1640200716 897.74
1640200722 901.43
1640200729 898.86
1640200735 900.55
1640200742 899.66
1640200748 244.00
1640200755 99.78
1640200762 100.07
1640200768 0.00
1640200775 99.78
1640200781 99.81
1640200788 99.81
1640200794 896.68
1640200801 896.99
1640200807 899.66
1640200814 899.35
1640200821 900.20
1640200827 899.45
1640200834 900.72
1640200840 896.36
1640200847 900.33
1640200853 896.67
1640200860 901.61
1640200866 900.35
1640200873 901.20
1640200879 
1640200884 
1640200890 
1640200895 
1640200901 
1640200906 
1640200912 
1640200917 
1640200923 
1640200928 
1640200934 
1640200941 998.23
1640200947 1001.92
1640200954 997.17
1640200960 995.25
1640200967 997.70
1640200973 999.44
1640200980 1000.97
1640200986 1001.65
1640200993 1002.58
1640201000 998.63
1640201006 999.21
1640201013 997.87
1640201019 1002.24
1640201026 999.12
1640201032 996.94
1640201039 997.47
1640201045 999.94
1640201052 998.41
1640201059 995.97
1640201065 997.50
1640201072 1001.68
1640201078 999.02
1640201085 1000.19
1640201091 999.18
1640201098 999.90
1640201104 998.99
1640201111 999.78
1640201118 997.43
1640201124 1000.44
1640201131 999.80
1640201137 998.14
1640201144 1001.75
1640201150 1001.39
1640201157 999.52
1640201163 1001.21
1640201170 1011.35
1640201177 995.63
1640201183 997.40
1640201190 994.76
1640201196 99.83
1640201203 100.13
1640201209 100.11
1640201216 99.86
1640201222 99.77
1640201229 100.14
1640201236 996.04
1640201242 999.02
1640201249 1001.29
1640201255 995.58
1640201262 998.14
1640201268 1000.56
1640201275 995.28
1640201282 999.24
1640201288 1000.11
1640201295 997.62
1640201301 997.33
1640201308 996.38
1640201314 997.00
1640201321 
1640201326 
1640201332 
1640201337 
1640201343 
1640201348 
1640201354 
1640201359 
1640201365 
1640201371 
1640201376 
1640201383 1095.03
1640201389 1102.34
1640201396 1100.70
1640201402 1099.71
1640201409 1100.35
1640201415 1095.17
1640201422 1094.89
1640201429 1095.45
1640201435 1098.61
1640201442 1095.78
1640201448 1095.41
1640201455 1097.72
1640201461 1100.64
1640201468 1093.98
1640201474 1102.87
1640201481 1099.84
1640201488 1097.61
1640201494 1099.13
1640201501 1101.45
1640201507 1100.49
1640201514 1100.31
1640201520 1093.76
1640201527 1097.05
1640201534 1100.22
1640201540 1097.28
1640201547 1101.24
1640201553 1101.97
1640201560 1100.73
1640201566 1097.04
1640201573 1098.63
1640201579 1095.79
1640201586 1099.34
1640201593 1096.80
1640201599 1094.00
1640201606 1102.20
1640201612 1098.11
1640201619 1099.44
1640201625 1097.40
1640201632 1098.21
1640201638 100.15
1640201645 99.85
1640201652 100.14
1640201658 100.16
1640201665 100.20
1640201671 99.78
1640201678 272.21
1640201684 1099.73
1640201691 1093.87
1640201697 1101.10
1640201704 1098.01
1640201711 1098.45
1640201717 1101.08
1640201724 1096.36
1640201730 1100.98
1640201737 1099.45
1640201743 1068.11
1640201750 1094.50
1640201756 1098.56
1640201763 1098.54
1640201769 
1640201774 
1640201780 
1640201785 
1640201791 
1640201796 
1640201802 
1640201807 
1640201813 
1640201819 
1640201824 
1640201831 1198.20
1640201837 1203.49
1640201844 1196.98
1640201850 1199.61
1640201857 1196.83
1640201863 1202.54
1640201870 1202.56
1640201877 1199.99
1640201883 1200.00
1640201890 1195.88
1640201896 1198.41
1640201903 1199.32
1640201909 1195.77
1640201916 1198.82
1640201922 1198.84
1640201929 1199.27
1640201936 1194.95
1640201942 1199.31
1640201949 1201.49
1640201955 1197.97
1640201962 1198.11
1640201968 1194.73
1640201975 1199.90
1640201981 1199.69
1640201988 1201.86
1640201995 1206.23
1640202001 1195.07
1640202008 1198.12
1640202014 1199.86
1640202021 1201.75
1640202027 1195.06
1640202034 1201.27
1640202041 1196.65
1640202047 1201.51
1640202054 1200.27
1640202060 1197.28
1640202067 1199.66
1640202073 1198.84
1640202080 1205.02
1640202086 100.08
1640202093 100.28
1640202100 72.42
1640202106 100.30
1640202113 99.76
1640202119 99.74
1640202126 1198.08
1640202132 1193.74
1640202139 1198.38
1640202145 1202.89
1640202152 1201.45
1640202159 1197.57
1640202165 1185.37
1640202172 1202.31
1640202178 1195.36
1640202185 1199.15
1640202191 1200.30
1640202198 1197.85
1640202205 1195.64
1640202210 
1640202216 
1640202221 
1640202227 
1640202232 
1640202238 
1640202243 
1640202249 
1640202254 
1640202260 
1640202266 
1640202272 1300.46
1640202279 1299.85
1640202285 1296.77
1640202292 1292.90
1640202298 1297.99
1640202305 1302.30
1640202312 1299.55
1640202318 1293.84
1640202325 1300.16
1640202331 1294.47
1640202338 1299.97
1640202344 1297.96
1640202351 1299.95
1640202357 1297.13
1640202364 1298.84
1640202371 1301.05
1640202377 1294.03
1640202384 1302.18
1640202390 1299.44
1640202397 1191.77
1640202403 1292.46
1640202410 1298.33
1640202417 1299.49
1640202423 1298.01
1640202430 1296.59
1640202436 1298.27
1640202443 1299.84
1640202449 1298.45
1640202456 1297.28
1640202463 1293.42
1640202469 1294.07
1640202476 1297.58
1640202482 1267.84
1640202489 1299.50
1640202495 1301.38
1640202502 1295.32
1640202509 1294.10
1640202515 1297.23
1640202522 1298.94
1640202528 100.23
1640202535 99.77
1640202541 100.18
1640202548 100.19
1640202554 100.20
1640202561 99.75
1640202568 1243.60
1640202574 1298.26
1640202581 1294.20
1640202587 1301.66
1640202594 1298.99
1640202600 1301.85
1640202607 1300.66
1640202614 1297.25
1640202620 1294.84
1640202627 1291.47
1640202633 1297.26
1640202640 1294.97
1640202646 1294.99
1640202653 1307.82
1640202658 
1640202664 
1640202670 
1640202675 
1640202681 
1640202686 
1640202692 
1640202697 
1640202703 
1640202708 
1640202714 
1640202721 1400.26
1640202727 1400.36
1640202734 1394.75
1640202740 1403.69
1640202747 1396.26
1640202753 1397.10
1640202760 1400.25
1640202767 1397.91
1640202773 1394.94
1640202780 1400.79
1640202786 1394.27
1640202793 1397.62
1640202799 1397.57
1640202806 1394.60
1640202813 1402.31
1640202819 1392.12
1640202826 1393.77
1640202832 1404.22
1640202839 1396.41
1640202845 1398.66
1640202852 1391.10
1640202859 1397.86
1640202865 1398.12
1640202872 1395.76
1640202878 1401.23
1640202885 1221.09
1640202891 1394.24
1640202898 1393.94
1640202905 1399.55
1640202911 1397.93
1640202918 1401.32
1640202924 1394.70
1640202931 1402.31
1640202937 1400.18
1640202944 1399.18
1640202951 1400.54
1640202957 1395.12
1640202964 1398.55
1640202970 280.42
1640202977 100.16
1640202983 99.81
1640202990 0.00
1640202997 100.19
1640203003 99.82
1640203010 99.77
1640203016 1392.57
1640203023 1397.43
1640203029 1398.20
1640203036 1397.39
1640203043 1397.70
1640203049 1394.66
1640203056 1309.59
1640203062 1391.42
1640203069 1393.93
1640203075 1402.32
1640203082 1397.94
1640203089 1393.30
1640203095 1399.19
1640203101 
1640203106 
1640203112 
1640203117 
1640203123 
1640203128 
1640203134 
1640203140 
1640203145 
1640203151 
1640203156 
1640203163 1494.08
1640203169 1500.24
1640203176 1503.50
1640203182 1502.88
1640203189 1501.73
1640203196 1502.21
1640203202 1491.98
1640203209 1492.51
1640203215 1503.90
1640203222 1499.14
1640203228 1502.81
1640203235 1497.72
1640203242 1497.80
1640203248 1499.48
1640203255 1502.70
1640203261 1502.00
1640203268 1394.44
1640203274 1397.95
1640203281 1393.44
1640203288 1503.22
1640203294 1490.60
1640203301 1498.30
1640203307 1498.41
1640203314 1402.51
1640203320 1404.04
1640203327 1396.53
1640203334 1501.71
1640203340 1495.89
1640203347 1498.12
1640203353 1498.57
1640203360 1500.55
1640203367 1490.47
1640203373 1493.93
1640203380 1498.08
1640203386 1500.96
1640203393 1500.49
1640203399 1499.34
1640203406 1504.14
1640203413 1497.67
1640203419 1499.30
1640203426 1492.82
1640203432 1499.17
1640203439 1493.87
1640203445 1500.63
1640203452 1498.61
1640203459 99.83
1640203465 99.77
1640203472 100.10
1640203478 0.00
1640203485 100.05
1640203491 100.17
1640203498 93.85
1640203504 1491.95
1640203511 1497.26
1640203518 1499.72
1640203524 1490.67
1640203531 1499.56
1640203537 1496.89
1640203544 1496.77
1640203551 1493.56
1640203557 1493.73
1640203564 1504.96
1640203570 1502.71
1640203577 1490.98
1640203583 1503.06
1640203589 
1640203595 
1640203600 
1640203606 
1640203611 
1640203617 
1640203622 
1640203628 
1640203633 
1640203639 
1640203644 
1640203651 1603.69
1640203658 1597.93
1640203664 1597.52
1640203671 1599.70
1640203677 1593.51
1640203684 1599.55
1640203690 1597.20
1640203697 1594.44
1640203704 1599.31
1640203710 1598.36
1640203717 1604.38
1640203723 1596.29
1640203730 1598.60
1640203736 1593.05
1640203743 1592.65
1640203750 1598.65
1640203756 1400.78
1640203763 1394.46
1640203769 1400.53
1640203776 1598.45
1640203782 1592.84
1640203789 1599.26
1640203796 1425.16
1640203802 1394.11
1640203809 1402.07
1640203815 1402.19
1640203822 1590.76
1640203828 1597.99
1640203835 1600.71
1640203842 1596.89
1640203848 1598.63
1640203855 1601.06
1640203861 1598.78
1640203868 1598.71
1640203875 1598.01
1640203881 1468.19
1640203888 1598.86
1640203894 1597.27
1640203901 1592.42
1640203907 1603.64
1640203914 1599.40
1640203921 1598.16
1640203927 1599.61
1640203934 1600.32
1640203940 1599.28
1640203947 100.19
1640203953 99.73
1640203960 100.25
1640203966 16.08
1640203973 99.80
1640203980 99.80
1640203986 47.36
1640203993 1588.54
1640203999 1598.50
1640204006 1601.83
1640204012 1596.75
1640204019 1598.11
1640204026 1603.20
1640204032 1598.34
1640204039 1594.33
1640204045 1603.03
1640204052 1603.60
1640204059 1603.11
1640204065 1589.03
1640204072 1592.80
1640204077 
1640204083 
1640204088 
1640204094 
1640204099 
1640204105 
1640204111 
1640204116 
1640204122 
1640204127 
1640204133 
1640204139 1703.60
1640204146 1703.98
1640204152 1698.32
1640204159 1699.66
1640204166 1692.69
1640204172 1704.32
1640204179 1696.05
1640204185 1703.85
1640204192 1698.68
1640204198 1692.87
1640204205 1696.20
1640204212 1700.68
1640204218 1692.70
1640204225 1697.83
1640204231 1700.37
1640204238 1703.29
1640204244 1395.27
1640204251 1399.48
1640204258 1403.42
1640204264 1697.54
1640204271 1699.84
1640204277 1699.57
1640204284 1465.25
1640204290 1394.41
1640204297 1394.40
1640204304 1398.64
1640204310 1697.54
1640204317 1697.91
1640204323 1693.84
1640204330 1696.10
1640204337 1702.32
1640204343 1693.09
1640204350 1699.00
1640204356 1698.43
1640204363 1699.96
1640204369 1619.74
1640204376 1700.16
1640204383 1692.63
1640204389 1700.38
1640204396 1699.24
1640204402 1704.05
1640204409 1703.71
1640204415 1700.67
1640204422 1691.45
1640204429 1700.31
1640204435 99.79
1640204442 100.13
1640204448 99.81
1640204455 0.00
1640204461 100.19
1640204468 100.13
1640204474 67.09
1640204481 1701.54
1640204488 1700.15
1640204494 1698.81
1640204501 1690.29
1640204507 1698.32
1640204514 1699.51
1640204521 1701.80
1640204527 1694.14
1640204534 1692.35
1640204540 1698.10
1640204547 1699.91
1640204553 1703.76
1640204560 1701.34
1640204566 
1640204571 
1640204577 
1640204582 
1640204588 
1640204593 
1640204599 
1640204604 
1640204610 
1640204615 
1640204621 
1640204628 1799.39
1640204634 1792.63
1640204641 1798.87
1640204647 1804.19
1640204654 1801.41
1640204660 1792.43
1640204667 1790.28
1640204674 1805.05
1640204680 1798.87
1640204687 1803.64
1640204693 1798.57
1640204700 1791.81
1640204706 1805.06
1640204713 1797.88
1640204720 1799.18
1640204726 1799.86
1640204733 1402.58
1640204739 1394.44
1640204746 1400.53
1640204752 1801.98
1640204759 1792.99
1640204766 1804.54
1640204772 1803.34
1640204779 1400.52
1640204785 1401.19
1640204792 1403.01
1640204799 1804.41
1640204805 1795.52
1640204812 1801.16
1640204818 1794.41
1640204825 1800.59
1640204831 1798.52
1640204838 1803.31
1640204845 1798.31
1640204851 1798.47
1640204858 1792.76
1640204864 1800.05
1640204871 1793.30
1640204877 1798.98
1640204884 1795.55
1640204891 1792.06
1640204897 1803.93
1640204904 1800.15
1640204910 1798.26
1640204917 1792.71
1640204923 118.90
1640204930 100.11
1640204937 100.10
1640204943 0.00
1640204950 100.26
1640204956 99.78
1640204963 100.03
1640204969 1800.08
1640204976 1803.60
1640204983 1790.36
1640204989 1791.46
1640204996 1798.06
1640205002 1807.09
1640205009 1432.29
1640205015 1794.33
1640205022 1800.41
1640205029 1799.08
1640205035 1803.59
1640205042 1798.52
1640205048 1804.08
1640205054 
1640205059 
1640205065 
1640205070 
1640205076 
1640205082 
1640205087 
1640205093 
1640205098 
1640205104 
1640205109 
1640205116 1891.49
1640205122 1898.29
1640205129 1900.08
1640205136 1890.28
1640205142 1896.82
1640205149 1891.83
1640205155 1895.71
1640205162 1898.69
1640205168 1899.37
1640205175 1898.72
1640205182 1898.81
1640205188 1896.00
1640205195 1898.44
1640205201 1897.85
1640205208 1905.58
1640205214 1900.46
1640205221 1394.00
1640205228 1400.55
1640205234 1394.44
1640205241 1665.13
1640205247 1903.02
1640205254 1897.33
1640205260 1898.28
1640205267 1399.52
1640205274 1401.11
1640205280 1398.54
1640205287 1900.01
1640205293 1895.36
1640205300 1888.97
1640205307 1897.35
1640205313 1900.66
1640205320 1896.23
1640205326 1572.74
1640205333 1897.89
1640205339 1899.12
1640205346 1899.52
1640205353 1904.27
1640205359 1900.90
1640205366 1890.58
1640205372 1899.09
1640205379 1900.40
1640205385 1899.47
1640205392 1890.48
1640205399 1906.72
1640205405 1905.37
1640205412 855.30
1640205418 99.83
1640205425 100.07
1640205431 31.62
1640205438 99.75
1640205444 100.14
1640205451 99.85
1640205458 1899.51
1640205464 1897.72
1640205471 1898.54
1640205477 1895.65
1640205484 1899.14
1640205491 1891.51
1640205497 1682.00
1640205504 1896.57
1640205510 1898.89
1640205517 1898.16
1640205523 1892.16
1640205530 1892.04
1640205537 1899.58
1640205542 
1640205548 
1640205553 
1640205559 
1640205564 
1640205570 
1640205575 
1640205581 
1640205587 
1640205592 
1640205598 
1640205604 1998.44
1640205611 1998.50
1640205617 1997.44
1640205624 1995.90
1640205630 1989.99
1640205637 1997.80
1640205644 2001.22
1640205650 2004.39
1640205657 2001.16
1640205663 1992.11
1640205670 1998.07
1640205676 1997.64
1640205683 2004.66
1640205690 2004.63
1640205696 2006.35
1640205703 1989.33
1640205709 1400.07
1640205716 1400.04
1640205722 1401.09
1640205729 1703.43
1640205736 1997.32
1640205742 1996.35
1640205749 1995.91
1640205755 1398.66
1640205762 1397.95
1640205769 1402.50
1640205775 1996.92
1640205782 2003.67
1640205788 1994.25
1640205795 1989.11
1640205801 1993.19
1640205808 1994.23
1640205815 1599.52
1640205821 1999.15
1640205828 2000.46
1640205834 1998.19
1640205841 1999.46
1640205847 1999.03
1640205854 1998.02
1640205861 1991.43
1640205867 1997.43
1640205874 2005.12
1640205880 2004.48
1640205887 1998.67
1640205894 2005.47
1640205900 1340.04
1640205907 100.26
1640205913 99.68
1640205920 60.23
1640205926 99.90
1640205933 99.77
1640205939 100.17
1640205946 1997.33
1640205953 1998.20
1640205959 1998.24
1640205966 1996.83
1640205972 2007.02
1640205979 1997.53
1640205985 1477.37
1640205992 1999.20
1640205999 1992.41
1640206005 1999.25
1640206012 1991.47
1640206018 1998.81
1640206025 2001.53
1640206030 
1640206036 
1640206042 
1640206047 
1640206053 
1640206058 
1640206064 
1640206069 
1640206075 
1640206080 
1640206086 
1640206093 2105.39
1640206099 2098.61
1640206106 2091.73
1640206112 2095.57
1640206119 2098.28
1640206125 2098.62
1640206132 2099.34
1640206139 2099.79
1640206145 2098.84
1640206152 2098.30
1640206158 2097.54
1640206165 2097.21
1640206171 2100.17
1640206178 2104.26
1640206185 2097.61
1640206191 2089.07
1640206198 1400.79
1640206204 1401.02
1640206211 1401.99
1640206217 1415.70
1640206224 2095.53
1640206231 2104.48
1640206237 2088.43
1640206244 1395.82
1640206250 1394.41
1640206257 1399.60
1640206263 2100.24
1640206270 2096.93
1640206277 2094.72
1640206283 2090.27
1640206290 2096.56
1640206296 2095.96
1640206303 1849.67
1640206309 2097.70
1640206316 2092.40
1640206323 2097.92
1640206329 2098.08
1640206336 2097.14
1640206342 2105.05
1640206349 2099.22
1640206356 2099.76
1640206362 2098.06
1640206369 2088.34
1640206375 2105.57
1640206382 2106.47
1640206388 2003.19
1640206395 99.79
1640206402 100.21
1640206408 100.07
1640206415 100.18
1640206421 99.77
1640206428 100.15
1640206434 2096.72
1640206441 2098.42
1640206447 2096.30
1640206454 2089.98
1640206461 2087.88
1640206467 2099.71
1640206474 2106.99
1640206480 2097.16
1640206487 2099.67
1640206494 2089.76
1640206500 2090.53
1640206507 2096.60
1640206513 2095.08
1640206519 
1640206524 
1640206530 
1640206535 
1640206541 
1640206547 
1640206552 
1640206558 
1640206563 
1640206569 
1640206574 
1640206581 2190.56
1640206587 2207.10
1640206594 2190.78
1640206601 2194.22
1640206607 2206.81
1640206614 2199.51
1640206620 2206.08
1640206627 2189.05
1640206633 2197.66
1640206640 2190.03
1640206647 2197.62
1640206653 2200.82
1640206660 2191.08
1640206666 2188.29
1640206673 2206.61
1640206679 2196.83
1640206686 1396.23
1640206693 1397.93
1640206699 1404.07
1640206706 1405.61
1640206712 2198.41
1640206719 2204.99
1640206725 2198.26
1640206732 1400.52
1640206739 1399.02
1640206745 1403.07
1640206752 2185.85
1640206758 2199.03
1640206765 2204.19
1640206772 2189.09
1640206778 2182.78
1640206785 2191.83
1640206791 2188.25
1640206798 2198.65
1640206804 2189.05
1640206811 2198.16
1640206818 2196.92
1640206824 2197.95
1640206831 2188.87
1640206837 2189.59
1640206844 2189.12
1640206850 2197.91
1640206857 2189.18
1640206864 2198.53
1640206870 2198.38
1640206877 2207.32
1640206883 100.05
1640206890 99.77
1640206896 99.71
1640206903 99.86
1640206910 99.77
1640206916 100.25
1640206923 2195.64
1640206929 2197.20
1640206936 2197.15
1640206942 2198.78
1640206949 2197.82
1640206956 2191.01
1640206962 2196.18
1640206969 2199.39
1640206975 2193.91
1640206982 2206.97
1640206988 2191.22
1640206995 2199.29
1640207002 2189.62
1640207007 
1640207013 
1640207019 
1640207024 
1640207030 
1640207035 
1640207041 
1640207046 
1640207052 
1640207057 
1640207063 
1640207070 2297.05
1640207076 2298.71
1640207083 2300.29
1640207089 2302.10
1640207096 2298.84
1640207102 2290.37
1640207109 2297.31
1640207116 2299.41
1640207122 2298.38
1640207129 2307.91
1640207135 2306.18
1640207142 2289.00
1640207148 2298.37
1640207155 2308.61
1640207162 2296.68
1640207168 2288.91
1640207175 1396.49
1640207181 1399.54
1640207188 1404.97
1640207194 1399.53
1640207201 2304.72
1640207208 2295.85
1640207214 2291.45
1640207221 1400.04
1640207227 1403.70
1640207234 1401.07
1640207240 2285.92
1640207247 2295.57
1640207254 2285.39
1640207260 2066.11
1640207267 2285.28
1640207273 2297.36
1640207280 2297.29
1640207286 2302.18
1640207293 2298.17
1640207300 2289.64
1640207306 2297.98
1640207313 2290.35
1640207319 2290.84
1640207326 2298.88
1640207333 2298.16
1640207339 2297.39
1640207346 1770.13
1640207352 2289.22
1640207359 2298.33
1640207365 2305.68
1640207372 99.75
1640207379 100.21
1640207385 99.75
1640207392 100.23
1640207398 100.13
1640207405 100.25
1640207411 2298.35
1640207418 2302.98
1640207424 2288.58
1640207431 1885.69
1640207438 2296.54
1640207444 2291.10
1640207451 2306.07
1640207457 2288.38
1640207464 2298.24
1640207471 2298.60
1640207477 2287.95
1640207484 2298.27
1640207490 2307.34
1640207497 
1640207502 
1640207508 
1640207513 
1640207519 
1640207524 
1640207530 
1640207536 
1640207541 
1640207547 
1640207552 
1640207559 2406.20
1640207565 2388.88
1640207572 2398.22
1640207578 2402.96
1640207585 2399.56
1640207592 2396.70
1640207598 2399.06
1640207605 2398.10
1640207611 2407.34
1640207618 2399.00
1640207624 2407.85
1640207631 2400.47
1640207638 2401.17
1640207644 2408.05
1640207651 2396.66
1640207657 2400.89
1640207664 1394.39
1640207670 1402.50
1640207677 1400.04
1640207684 1403.48
1640207690 2400.98
1640207697 2407.84
1640207703 2397.62
1640207710 1394.92
1640207717 1401.67
1640207723 1403.06
1640207730 2408.59
1640207736 2403.83
1640207743 2394.70
1640207749 2400.22
1640207756 2405.12
1640207763 2397.99
1640207769 2407.39
1640207776 2399.03
1640207782 2387.82
1640207789 2390.29
1640207795 2406.60
1640207802 2388.73
1640207809 2397.77
1640207815 2397.24
1640207822 2399.58
1640207828 2387.81
1640207835 2114.47
1640207841 2388.77
1640207848 2406.98
1640207855 2406.34
1640207861 100.20
1640207868 100.21
1640207874 100.18
1640207881 100.15
1640207887 100.16
1640207894 99.79
1640207901 2396.02
1640207907 2405.26
1640207914 2397.44
1640207920 1894.85
1640207927 2395.78
1640207933 2387.48
1640207940 2397.94
1640207947 2390.48
1640207953 2398.55
1640207960 2389.63
1640207966 2388.23
1640207973 2398.20
1640207980 2391.04
1640207986 
1640207991 
1640207997 
1640208002 
1640208008 
1640208013 
1640208019 
1640208025 
1640208030 
1640208036 
1640208041 
1640208048 2498.64
1640208054 2508.02
1640208061 2499.08
1640208067 2506.58
1640208074 2499.99
1640208081 2497.91
1640208087 2488.23
1640208094 2507.56
1640208100 2498.99
1640208107 2499.46
1640208114 2506.61
1640208120 2500.63
1640208127 2507.71
1640208133 2496.93
1640208140 2488.30
1640208146 2508.44
1640208153 1394.35
1640208160 1403.08
1640208166 1400.04
1640208173 1403.04
1640208179 2506.63
1640208186 2499.46
1640208192 2487.90
1640208199 1403.03
1640208206 1400.16
1640208212 1403.00
1640208219 2497.42
1640208225 2497.79
1640208232 2494.74
1640208239 2498.53
1640208245 2485.10
1640208252 2498.96
1640208258 2498.14
1640208265 2507.71
1640208271 2496.63
1640208278 2490.13
1640208285 2488.02
1640208291 2498.06
1640208298 2498.33
1640208304 2496.32
1640208311 2500.17
1640208317 2497.94
1640208324 2235.88
1640208331 2495.71
1640208337 2498.03
1640208344 2496.76
1640208350 99.90
1640208357 100.13
1640208363 100.07
1640208370 99.79
1640208377 100.17
1640208383 99.81
1640208390 2495.56
1640208396 2497.69
1640208403 2497.15
1640208409 1978.91
1640208416 2495.01
1640208423 2498.01
1640208429 2487.67
1640208436 2500.54
1640208442 2497.39
1640208449 2499.29
1640208456 2495.72
1640208462 2497.71
1640208469 2499.89
1640208475 
1640208480 
1640208486 
1640208492 
1640208497 
1640208503 
1640208508 
1640208514 
1640208519 
1640208525 
1640208530 
1640208537 2587.60
1640208544 2597.63
1640208550 2589.11
1640208557 2594.38
1640208563 2599.68
1640208570 2598.60
1640208576 2597.56
1640208583 2586.81
1640208590 2586.62
1640208596 2588.80
1640208603 2608.66
1640208609 2599.37
1640208616 2587.17
1640208623 2597.63
1640208629 2595.92
1640208636 2598.29
1640208642 1399.84
1640208649 1400.03
1640208655 1399.51
1640208662 1403.52
1640208669 2598.46
1640208675 2595.95
1640208682 2585.77
1640208688 1403.51
1640208695 1401.12
1640208702 1397.56
1640208708 2597.83
1640208715 2595.01
1640208721 2597.55
1640208728 2597.62
1640208734 2598.10
1640208741 2598.17
1640208748 2585.12
1640208754 2597.55
1640208761 2596.44
1640208767 2591.41
1640208774 2596.82
1640208781 2596.11
1640208787 2597.27
1640208794 2597.68
1640208800 2599.49
1640208807 2606.98
1640208814 2599.21
1640208820 2596.02
1640208827 2597.98
1640208833 2597.66
1640208840 100.08
1640208846 99.66
1640208853 100.18
1640208860 99.72
1640208866 100.17
1640208873 99.78
1640208879 2594.69
1640208886 2607.41
1640208892 2604.36
1640208899 2595.24
1640208906 2595.08
1640208912 2587.13
1640208919 2597.05
1640208925 2596.60
1640208932 2592.02
1640208939 2597.46
1640208945 2598.99
1640208952 2598.09
1640208958 2599.01
1640208964 
1640208970 
1640208975 
1640208981 
1640208986 
1640208992 
1640208997 
1640209003 
1640209009 
1640209014 
1640209020 
1640209026 2707.18
1640209033 2696.81
1640209039 2697.77
1640209046 2691.52
1640209053 2709.48
1640209060 2707.63
1640209066 2699.18
1640209073 2697.95
1640209079 2685.53
1640209086 2718.25
1640209093 2687.85
1640209099 2698.62
1640209106 2697.70
1640209113 2695.18
1640209119 2694.36
1640209126 2695.31
1640209132 1403.06
1640209139 1394.70
1640209146 1400.99
1640209152 2031.31
1640209159 2693.98
1640209165 2706.38
1640209172 2698.24
1640209179 1400.04
1640209185 1403.23
1640209192 1400.02
1640209198 2696.08
1640209205 2694.86
1640209212 2693.95
1640209218 2694.24
1640209225 2695.45
1640209231 2695.44
1640209238 2417.17
1640209245 2698.00
1640209251 2697.87
1640209258 2695.88
1640209265 2694.64
1640209271 2698.66
1640209278 2693.42
1640209285 2705.57
1640209291 2697.74
1640209298 2696.81
1640209305 2685.73
1640209311 2695.29
1640209318 2699.09
1640209324 100.26
1640209331 100.17
1640209337 99.78
1640209344 0.00
1640209351 99.72
1640209357 100.15
1640209364 88.25
1640209370 2716.48
1640209377 2695.62
1640209384 2705.25
1640209390 2693.04
1640209397 2682.56
1640209404 2697.21
1640209410 2685.47
1640209417 2695.51
1640209423 2699.35
1640209430 2718.03
1640209437 2696.76
1640209443 2692.94
1640209450 2697.62
1640209456 
1640209461 
1640209467 
1640209472 
1640209478 
1640209483 
1640209489 
1640209494 
1640209500 
1640209505 
1640209511 
1640209518 2785.61
1640209525 2806.30
1640209532 2786.67
1640209539 2794.82
1640209546 2777.81
1640209553 2794.93
1640209560 2762.69
1640209567 2795.58
1640209574 2771.85
1640209581 2795.02
1640209588 2810.92
1640209595 2786.38
1640209602 2794.53
1640209609 2794.74
1640209616 2774.96
1640209622 1400.05
1640209629 1404.07
1640209635 1393.95
1640209642 2606.17
1640209649 2778.61
1640209656 2794.97
1640209663 1564.50
1640209670 1399.51
1640209676 1394.44
1640209683 1400.00
1640209690 2794.60
1640209697 2794.28
1640209704 2765.88
1640209711 2803.07
1640209718 2747.42
1640209725 2807.46
1640209732 2793.38
1640209739 2783.84
1640209746 2796.32
1640209753 2795.23
1640209760 2794.76
1640209767 2777.71
1640209774 2791.76
1640209781 2757.84
1640209787 2795.72
1640209795 2801.67
1640209801 2795.51
1640209809 2784.14
1640209815 100.23
1640209822 100.15
1640209828 100.14
1640209835 99.90
1640209841 100.07
1640209848 99.81
1640209854 0.00
1640209861 2783.20
1640209868 2794.07
1640209875 2804.65
1640209882 2788.31
1640209889 2789.87
1640209896 2755.35
1640209903 2786.20
1640209910 2803.51
1640209917 2785.44
1640209924 2786.11
1640209931 2806.20
1640209938 2783.95
1640209944 
1640209949 
1640209955 
1640209960 
1640209966 
1640209971 
1640209977 
1640209983 
1640209988 
1640209994 
1640209999 
