#how to read {start, load, score, end}
1640196930 1 1037.9988331346719 1640197322
1640197382 2 2057.0219783182965 1640197766
1640197826 3 3050.4849808403219 1640198211
1640198271 4 4022.4035754590254 1640198655
1640198715 5 4964.0151841929619 1640199100
1640199160 6 5889.329271414811 1640199544
1640199604 7 6784.5347637603254 1640199988
1640200048 8 7656.6305517158971 1640200432
1640200492 9 8515.4569072694903 1640200876
1640200936 10 9350.9896626247446 1640201320
1640201380 11 10167.680057281788 1640201764
1640201824 12 10963.889348044077 1640202209
1640202269 13 11743.951909271069 1640202653
1640202714 14 12477.765436846954 1640203099
1640203159 15 12806.885326340051 1640203586
1640203646 16 13125.60283615045 1640204075
1640204135 17 13430.548008939746 1640204563
1640204623 18 13730.048737745487 1640205052
1640205112 19 14013.017010339056 1640205541
1640205601 20 14302.209776823382 1640206029
1640206089 21 14579.145212528438 1640206518
1640206578 22 14833.481238902845 1640207007
1640207067 23 15101.827710991369 1640207496
1640207556 24 15367.512422567355 1640207985
1640208045 25 15619.710702893395 1640208474
1640208534 26 15822.554141646675 1640208964
1640209024 27 16057.021569805296 1640209453
1640209513 28 16269.118803265192 1640209942
