#how to read {timestamp, aggregated_cpu}
1640115136 
1640115141 
1640115147 
1640115152 
1640115158 
1640115163 
1640115169 
1640115175 
1640115180 
1640115186 
1640115191 
1640115197 
1640115203 99.90
1640115210 100.15
1640115216 100.23
1640115223 100.15
1640115229 100.01
1640115236 99.76
1640115243 99.75
1640115249 100.22
1640115256 100.16
1640115262 100.22
1640115269 99.97
1640115275 100.16
1640115282 99.97
1640115288 99.89
1640115295 100.29
1640115302 99.82
1640115308 100.15
1640115315 100.21
1640115321 99.83
1640115328 99.74
1640115334 99.96
1640115341 100.06
1640115347 99.64
1640115354 100.06
1640115361 100.21
1640115367 100.06
1640115374 100.08
1640115380 100.22
1640115387 100.21
1640115393 100.36
1640115400 100.15
1640115406 99.74
1640115413 99.82
1640115419 99.96
1640115426 99.89
1640115433 100.38
1640115439 100.14
1640115446 99.89
1640115452 99.74
1640115459 99.83
1640115465 100.13
1640115472 100.07
1640115478 99.90
1640115485 99.82
1640115492 100.21
1640115498 99.67
1640115505 100.20
1640115511 99.74
1640115518 102.22
1640115524 100.35
1640115531 99.80
1640115537 99.86
1640115544 99.83
1640115551 100.30
1640115557 97.77
1640115564 97.96
1640115570 99.83
1640115577 99.90
1640115583 
1640115589 
1640115594 
1640115600 
1640115606 
1640115611 
1640115617 
1640115622 
1640115628 
1640115633 
1640115639 
1640115645 199.94
1640115652 199.79
1640115658 199.65
1640115665 200.45
1640115672 200.31
1640115678 199.45
1640115685 200.11
1640115691 200.45
1640115698 200.11
1640115704 199.65
1640115711 200.16
1640115717 199.66
1640115724 199.69
1640115731 200.59
1640115737 199.35
1640115744 200.14
1640115750 198.76
1640115757 200.44
1640115763 199.63
1640115770 199.66
1640115776 199.78
1640115783 199.64
1640115789 199.47
1640115796 199.94
1640115803 200.12
1640115809 199.61
1640115816 199.35
1640115822 199.50
1640115829 199.77
1640115835 196.98
1640115842 199.78
1640115848 199.78
1640115855 200.28
1640115862 199.29
1640115868 200.43
1640115875 199.30
1640115881 200.07
1640115888 199.77
1640115894 199.30
1640115901 99.76
1640115907 100.06
1640115914 100.14
1640115921 97.42
1640115927 99.82
1640115934 100.01
1640115940 0.00
1640115947 199.65
1640115953 200.09
1640115960 199.66
1640115966 199.83
1640115973 200.09
1640115980 200.26
1640115986 197.65
1640115993 199.97
1640115999 198.97
1640116006 195.88
1640116012 199.45
1640116019 199.65
1640116025 199.50
1640116031 
1640116036 
1640116042 
1640116048 
1640116053 
1640116059 
1640116064 
1640116070 
1640116075 
1640116081 
1640116086 
1640116093 300.89
1640116100 300.88
1640116106 299.78
1640116113 299.70
1640116119 298.71
1640116126 299.92
1640116132 299.11
1640116139 299.70
1640116145 300.89
1640116152 300.05
1640116158 300.68
1640116165 299.50
1640116172 300.25
1640116178 300.90
1640116185 299.01
1640116191 300.24
1640116198 300.30
1640116204 300.43
1640116211 299.22
1640116217 299.51
1640116224 299.49
1640116231 299.39
1640116237 298.76
1640116244 299.82
1640116250 299.60
1640116257 300.38
1640116263 300.66
1640116270 299.11
1640116276 298.91
1640116283 299.67
1640116290 299.34
1640116296 299.10
1640116303 300.00
1640116309 300.09
1640116316 300.45
1640116322 298.44
1640116329 300.26
1640116335 299.41
1640116342 299.69
1640116349 100.16
1640116355 100.14
1640116362 99.82
1640116368 99.83
1640116375 99.73
1640116381 100.14
1640116388 298.97
1640116394 299.06
1640116401 298.92
1640116408 295.47
1640116414 300.07
1640116421 299.50
1640116427 299.30
1640116434 298.71
1640116440 299.28
1640116447 300.42
1640116453 299.28
1640116460 299.60
1640116466 299.27
1640116472 
1640116478 
1640116483 
1640116489 
1640116494 
1640116500 
1640116506 
1640116511 
1640116517 
1640116522 
1640116528 
1640116534 399.82
1640116541 398.65
1640116547 398.34
1640116554 399.41
1640116560 400.07
1640116567 399.31
1640116574 400.66
1640116580 398.82
1640116587 399.62
1640116593 398.68
1640116600 399.58
1640116606 398.73
1640116613 398.96
1640116619 399.22
1640116626 398.32
1640116633 400.54
1640116639 393.86
1640116646 399.92
1640116652 399.19
1640116659 400.22
1640116665 399.12
1640116672 400.22
1640116678 398.57
1640116685 399.56
1640116692 400.76
1640116698 398.86
1640116705 398.13
1640116711 399.24
1640116718 398.62
1640116724 399.67
1640116731 400.24
1640116737 399.98
1640116744 400.28
1640116751 400.29
1640116757 399.95
1640116764 398.92
1640116770 398.69
1640116777 399.95
1640116783 398.63
1640116790 99.83
1640116796 99.81
1640116803 100.14
1640116809 100.16
1640116816 99.74
1640116823 99.86
1640116829 0.00
1640116836 398.77
1640116842 397.64
1640116849 398.77
1640116855 399.65
1640116862 399.73
1640116868 398.70
1640116875 395.54
1640116882 400.34
1640116888 399.78
1640116895 388.80
1640116901 399.31
1640116908 398.73
1640116914 399.55
1640116920 
1640116925 
1640116931 
1640116937 
1640116942 
1640116948 
1640116953 
1640116959 
1640116964 
1640116970 
1640116975 
1640116982 499.48
1640116988 499.84
1640116995 499.30
1640117002 501.14
1640117008 500.43
1640117015 498.77
1640117021 498.41
1640117028 501.15
1640117034 500.77
1640117041 499.94
1640117047 500.42
1640117054 499.49
1640117061 497.40
1640117067 498.38
1640117074 498.31
1640117080 500.05
1640117087 500.28
1640117093 501.06
1640117100 501.00
1640117106 499.87
1640117113 498.63
1640117120 500.91
1640117126 489.63
1640117133 498.63
1640117139 497.92
1640117146 500.27
1640117152 500.39
1640117159 499.10
1640117165 500.75
1640117172 501.10
1640117179 501.10
1640117185 498.01
1640117192 498.02
1640117198 498.87
1640117205 501.84
1640117211 488.15
1640117218 499.17
1640117224 499.66
1640117231 499.70
1640117237 100.23
1640117244 100.28
1640117251 99.89
1640117257 100.15
1640117264 99.73
1640117270 100.21
1640117277 499.85
1640117283 500.98
1640117290 498.77
1640117296 497.03
1640117303 500.35
1640117310 499.83
1640117316 499.95
1640117323 498.65
1640117329 498.16
1640117336 498.03
1640117342 498.44
1640117349 500.06
1640117355 501.19
1640117361 0.00
1640117367 
1640117372 
1640117378 
1640117383 
1640117389 
1640117394 
1640117400 
1640117405 
1640117411 
1640117417 
1640117423 599.53
1640117430 599.30
1640117436 599.86
1640117443 598.47
1640117449 600.08
1640117456 601.78
1640117462 599.73
1640117469 599.70
1640117476 600.14
1640117482 598.52
1640117489 596.91
1640117495 599.39
1640117502 599.99
1640117508 600.03
1640117515 598.85
1640117521 601.65
1640117528 596.83
1640117535 599.89
1640117541 599.20
1640117548 599.98
1640117554 598.42
1640117561 599.77
1640117567 600.89
1640117574 599.92
1640117580 597.12
1640117587 599.94
1640117594 600.01
1640117600 599.25
1640117607 601.34
1640117613 597.17
1640117620 599.33
1640117626 598.47
1640117633 599.43
1640117639 600.07
1640117646 602.17
1640117652 598.89
1640117659 600.86
1640117666 598.64
1640117672 601.79
1640117679 99.90
1640117685 100.15
1640117692 100.21
1640117698 100.38
1640117705 100.28
1640117711 99.82
1640117718 0.00
1640117725 597.55
1640117731 598.44
1640117738 597.98
1640117744 598.59
1640117751 599.62
1640117757 601.27
1640117764 594.59
1640117770 602.35
1640117777 599.38
1640117784 570.26
1640117790 599.38
1640117797 599.82
1640117803 599.45
1640117809 
1640117814 
1640117820 
1640117825 
1640117831 
1640117837 
1640117842 
1640117848 
1640117853 
1640117859 
1640117864 
1640117871 700.08
1640117877 700.13
1640117884 699.22
1640117890 699.82
1640117897 701.23
1640117904 699.48
1640117910 699.05
1640117917 702.58
1640117923 699.89
1640117930 698.75
1640117936 697.44
1640117943 699.74
1640117949 700.39
1640117956 700.28
1640117963 699.07
1640117969 698.94
1640117976 700.90
1640117982 701.77
1640117989 700.29
1640117995 696.33
1640118002 700.48
1640118008 699.01
1640118015 690.63
1640118022 699.49
1640118028 698.64
1640118035 700.31
1640118041 698.38
1640118048 696.55
1640118054 699.45
1640118061 700.52
1640118067 701.68
1640118074 699.68
1640118080 698.84
1640118087 699.91
1640118094 698.81
1640118100 696.49
1640118107 698.03
1640118113 696.88
1640118120 701.66
1640118126 99.81
1640118133 99.80
1640118139 99.89
1640118146 99.83
1640118153 99.89
1640118159 99.75
1640118166 700.34
1640118172 698.96
1640118179 699.27
1640118185 700.38
1640118192 699.75
1640118198 698.66
1640118205 699.17
1640118212 699.25
1640118218 696.09
1640118225 700.74
1640118231 700.24
1640118238 699.45
1640118244 697.77
1640118250 
1640118255 
1640118261 
1640118267 
1640118272 
1640118278 
1640118283 
1640118289 
1640118294 
1640118300 
1640118305 
1640118312 795.88
1640118318 800.67
1640118325 800.89
1640118332 798.01
1640118338 795.99
1640118345 800.75
1640118351 797.70
1640118358 797.73
1640118364 799.17
1640118371 799.74
1640118377 800.08
1640118384 796.89
1640118391 800.88
1640118397 798.98
1640118404 798.87
1640118410 800.28
1640118417 800.87
1640118423 802.58
1640118430 799.15
1640118436 799.37
1640118443 799.16
1640118450 800.33
1640118456 801.16
1640118463 798.50
1640118469 800.24
1640118476 797.95
1640118482 802.90
1640118489 799.67
1640118495 795.75
1640118502 795.28
1640118509 796.70
1640118515 798.99
1640118522 799.04
1640118528 800.60
1640118535 802.93
1640118541 797.46
1640118548 799.89
1640118554 801.93
1640118561 798.29
1640118567 99.76
1640118574 99.66
1640118581 99.69
1640118587 100.23
1640118594 100.08
1640118600 100.14
1640118607 221.65
1640118613 796.13
1640118620 796.00
1640118626 798.36
1640118633 796.69
1640118640 801.68
1640118646 798.86
1640118653 802.36
1640118659 799.74
1640118666 801.28
1640118672 778.97
1640118679 799.61
1640118685 800.22
1640118692 799.70
1640118698 
1640118703 
1640118709 
1640118714 
1640118720 
1640118725 
1640118731 
1640118736 
1640118742 
1640118747 
1640118753 
1640118760 899.77
1640118766 903.32
1640118773 900.62
1640118779 902.32
1640118786 900.75
1640118792 895.84
1640118799 899.77
1640118805 900.06
1640118812 899.75
1640118819 898.74
1640118825 899.75
1640118832 900.09
1640118838 903.54
1640118845 896.61
1640118851 902.42
1640118858 896.51
1640118864 898.31
1640118871 897.02
1640118878 896.65
1640118884 902.58
1640118891 901.42
1640118897 903.18
1640118904 898.83
1640118910 898.48
1640118917 898.75
1640118923 895.47
1640118930 895.45
1640118937 900.66
1640118943 903.16
1640118950 902.00
1640118956 899.33
1640118963 896.67
1640118969 903.29
1640118976 898.30
1640118982 899.30
1640118989 902.23
1640118996 900.36
1640119002 900.30
1640119009 795.96
1640119015 99.83
1640119022 100.14
1640119028 46.66
1640119035 99.76
1640119041 100.13
1640119048 99.89
1640119055 898.52
1640119061 899.34
1640119068 900.74
1640119074 897.32
1640119081 899.70
1640119087 895.45
1640119094 879.00
1640119100 899.38
1640119107 899.43
1640119114 902.25
1640119120 900.79
1640119127 896.43
1640119133 894.27
1640119139 
1640119144 
1640119150 
1640119155 
1640119161 
1640119166 
1640119172 
1640119178 
1640119183 
1640119189 
1640119194 
1640119201 1000.20
1640119207 999.89
1640119214 1000.58
1640119220 995.88
1640119227 994.39
1640119234 999.05
1640119240 1000.08
1640119247 1003.33
1640119253 1002.22
1640119260 999.86
1640119266 996.83
1640119273 1000.88
1640119279 998.69
1640119286 998.49
1640119293 1003.83
1640119299 1000.49
1640119306 998.48
1640119312 999.13
1640119319 995.78
1640119325 943.47
1640119332 995.01
1640119338 998.66
1640119345 998.89
1640119352 1001.78
1640119358 999.65
1640119365 999.60
1640119371 999.68
1640119378 999.25
1640119384 1001.99
1640119391 999.25
1640119397 997.33
1640119404 999.63
1640119411 986.66
1640119417 1003.21
1640119424 1000.42
1640119430 998.95
1640119437 1000.10
1640119443 998.51
1640119450 999.30
1640119456 99.68
1640119463 100.06
1640119470 99.81
1640119476 99.88
1640119483 99.65
1640119489 100.14
1640119496 1001.30
1640119502 999.14
1640119509 996.15
1640119515 994.65
1640119522 998.79
1640119529 1002.47
1640119535 996.18
1640119542 999.04
1640119548 1002.34
1640119555 996.23
1640119561 999.77
1640119568 994.39
1640119574 999.92
1640119581 1001.64
1640119586 
1640119592 
1640119598 
1640119603 
1640119609 
1640119614 
1640119620 
1640119625 
1640119631 
1640119636 
1640119642 
1640119649 1100.88
1640119655 1102.55
1640119662 1094.49
1640119668 1098.03
1640119675 1099.32
1640119681 1103.98
1640119688 1101.18
1640119694 1101.75
1640119701 1103.51
1640119708 1095.75
1640119714 1104.44
1640119721 1095.66
1640119727 1099.72
1640119734 1102.26
1640119740 1099.60
1640119747 1099.68
1640119753 1100.27
1640119760 1098.92
1640119767 1099.45
1640119773 1099.57
1640119780 1099.23
1640119786 1099.81
1640119793 1098.35
1640119799 1100.78
1640119806 1098.82
1640119812 1082.89
1640119819 1099.30
1640119826 1100.11
1640119832 1098.90
1640119839 1095.00
1640119845 1098.03
1640119852 1101.41
1640119858 1097.81
1640119865 1097.72
1640119871 1102.80
1640119878 1103.53
1640119885 1097.82
1640119891 1103.55
1640119898 257.46
1640119904 99.68
1640119911 100.15
1640119917 0.00
1640119924 100.04
1640119930 99.80
1640119937 99.82
1640119944 1093.10
1640119950 1099.28
1640119957 1098.42
1640119963 1098.36
1640119970 1099.07
1640119976 1095.70
1640119983 1093.35
1640119989 1091.71
1640119996 1103.67
1640120003 1104.04
1640120009 1103.23
1640120016 1099.82
1640120022 1100.08
1640120028 
1640120033 
1640120039 
1640120044 
1640120050 
1640120056 
1640120061 
1640120067 
1640120072 
1640120078 
1640120083 
1640120090 1200.56
1640120096 1194.11
1640120103 1202.94
1640120109 1199.53
1640120116 1203.65
1640120123 1198.02
1640120129 1192.16
1640120136 1202.72
1640120142 1196.27
1640120149 1199.24
1640120155 1197.57
1640120162 1203.73
1640120169 1199.12
1640120175 1201.04
1640120182 1198.66
1640120188 1191.74
1640120195 1200.08
1640120201 1201.10
1640120208 1199.29
1640120215 1168.42
1640120221 1194.04
1640120228 1198.83
1640120234 1202.42
1640120241 1204.71
1640120247 1199.78
1640120254 1196.90
1640120260 1203.84
1640120267 1198.91
1640120274 1198.17
1640120280 1195.19
1640120287 1199.80
1640120293 1199.60
1640120300 1197.19
1640120306 1199.00
1640120313 1199.72
1640120320 1212.53
1640120326 1199.15
1640120333 1199.58
1640120339 1199.95
1640120346 99.83
1640120352 99.76
1640120359 100.00
1640120365 100.24
1640120372 100.14
1640120379 100.29
1640120385 1198.68
1640120392 1193.57
1640120398 1197.24
1640120405 1180.05
1640120411 1196.34
1640120418 1192.74
1640120424 1195.03
1640120431 1199.31
1640120438 1196.13
1640120444 1197.44
1640120451 1201.38
1640120457 1198.28
1640120464 1198.18
1640120470 
1640120476 
1640120482 
1640120487 
1640120493 
1640120498 
1640120504 
1640120509 
1640120515 
1640120520 
1640120526 
1640120532 1303.42
1640120539 1299.15
1640120546 1297.83
1640120552 1304.60
1640120559 1297.91
1640120565 1299.56
1640120572 1295.85
1640120579 1299.02
1640120585 1303.36
1640120592 1296.77
1640120598 1299.29
1640120605 1299.46
1640120612 1297.49
1640120618 1292.38
1640120625 1294.04
1640120631 1302.79
1640120638 1298.07
1640120645 1294.37
1640120651 1302.02
1640120658 1225.68
1640120664 1299.69
1640120671 1303.16
1640120678 1302.12
1640120684 1292.89
1640120691 1303.31
1640120697 1299.03
1640120704 1299.38
1640120711 1300.72
1640120717 1303.52
1640120724 1298.01
1640120730 1303.98
1640120737 1304.02
1640120743 1257.61
1640120750 1299.46
1640120757 1304.57
1640120763 1304.32
1640120770 1299.66
1640120776 1304.05
1640120783 1292.14
1640120790 99.83
1640120796 100.14
1640120803 99.82
1640120809 100.23
1640120816 100.13
1640120822 99.83
1640120829 1298.17
1640120835 1298.69
1640120842 1293.30
1640120849 1298.68
1640120855 1292.60
1640120862 1298.62
1640120868 1297.28
1640120875 1296.82
1640120882 1299.20
1640120888 1290.74
1640120895 1298.76
1640120901 1293.90
1640120908 1301.05
1640120915 
1640120920 
1640120926 
1640120931 
1640120937 
1640120942 
1640120948 
1640120953 
1640120959 
1640120964 
1640120970 
1640120976 
1640120982 1397.70
1640120989 1376.33
1640120996 1403.63
1640121003 1377.72
1640121010 1401.56
1640121017 1383.08
1640121024 1397.12
1640121031 1397.43
1640121038 1392.54
1640121045 1393.34
1640121052 1402.16
1640121059 1392.63
1640121065 1406.70
1640121072 1390.22
1640121079 1392.85
1640121086 1391.42
1640121093 1396.23
1640121100 1387.56
1640121107 1394.57
1640121114 1380.92
1640121121 1397.43
1640121128 1380.35
1640121135 1399.61
1640121141 1388.37
1640121148 1395.69
1640121155 1385.20
1640121162 1399.95
1640121169 1394.93
1640121176 1397.73
1640121183 1401.95
1640121190 1392.44
1640121197 1393.13
1640121204 1402.83
1640121211 1393.25
1640121217 1393.32
1640121224 1397.85
1640121231 585.14
1640121238 100.08
1640121244 100.07
1640121251 11.42
1640121257 99.90
1640121264 100.20
1640121271 100.29
1640121278 1401.71
1640121284 1378.71
1640121291 1399.62
1640121298 1375.04
1640121305 1395.98
1640121312 1383.05
1640121319 1395.76
1640121326 1388.93
1640121333 1390.92
1640121340 1396.72
1640121347 1391.61
1640121354 1386.19
1640121361 
1640121366 
1640121372 
1640121377 
1640121383 
1640121388 
1640121394 
1640121399 
1640121405 
1640121411 
1640121416 
