#how to read {start, load, score, end}
1640115190 1 1078.1045074270364 1640115583
1640115643 2 2137.914040626958 1640116028
1640116088 3 3169.7470038622823 1640116472
1640116532 4 4177.0634543168053 1640116916
1640116976 5 5153.3332490685625 1640117361
1640117421 6 6112.6036622488573 1640117805
1640117865 7 7047.2656041723494 1640118249
1640118309 8 7961.4947363978308 1640118693
1640118753 9 8844.25818819095 1640119137
1640119197 10 9713.1177879159986 1640119581
1640119641 11 10568.514783379198 1640120026
1640120086 12 11390.737851304571 1640120470
1640120530 13 12204.260956034323 1640120915
1640120975 14 12945.48474388881 1640121360