#how to read {start, load, score, end}
1646041237 1 1185.2759011664075 1646041727
1646041817 2 2374.6665144243025 1646042273
1646042363 3 3407.4128006213532 1646042806
1646042896 4 4247.5631946056137 1646043338
1646043428 5 5425.8055349406286 1646043864
1646043954 6 6553.1652049321592 1646044387
1646044477 7 7532.6756338160612 1646044910
1646045000 8 8661.0114608720323 1646045432
1646045522 9 9394.5010066170307 1646045952
1646046042 10 10245.462089941731 1646046472
1646046562 11 11540.822741570375 1646046991
1646047081 12 12531.033091322402 1646047510
1646047600 13 13228.993237269029 1646048028
1646048118 14 14078.103351706251 1646048547
1646048637 15 14930.696856699769 1646049064
1646049154 16 15474.900175180343 1646049582
