#how to read {start, load, score, end}
1662367938 1 1213.2686133152338 1662368327
1662368417 2 2391.2991940630709 1662368801
1662368891 3 3544.823496419629 1662369275
1662369366 4 4672.2799628701396 1662369748
1662369839 5 5769.1715105698613 1662370223
1662370313 6 6837.7649324281347 1662370696
1662370786 7 7879.0459033264051 1662371169
1662371259 8 8894.0003976139233 1662371642
1662371732 9 9882.2517537835411 1662372116
1662372206 10 10842.425340835778 1662372589
1662372679 11 11786.321760644872 1662373062
1662373152 12 12717.108399995759 1662373535
1662373625 13 13630.997283560315 1662374009
1662374099 14 14505.183828963098 1662374483
1662374573 15 14862.182552113974 1662375000
1662375090 16 15213.561209419102 1662375517
1662375607 17 15549.497230987583 1662376035
1662376125 18 15891.929494125347 1662376552
1662376642 19 16210.733337206622 1662377069
1662377159 20 16517.878316909948 1662377587
1662377677 21 16812.24104749566 1662378104
1662378194 22 17114.483682670223 1662378623
1662378713 23 17409.525281003785 1662379141
1662379231 24 17683.098321924426 1662379659
1662379749 25 17948.330031011279 1662380178
1662380268 26 18254.026663468267 1662380696
1662380787 27 18489.268335222008 1662381215
1662381305 28 18766.801016785514 1662381734
